1
4
8
11
15
18
22
25
29
32
36
40
43
47
50
54
57
61
64
68
71
75
78
82
85
89
92
96
99
103
106
110
113
117
121
124
128
131
135
138
142
145
149
152
156
159
163
166
170
173
177
180
184
187
191
195
198
202
205
209
212
216
219
223
226
230
233
237
240
244
247
251
254
258
261
265
268
272
276
279
283
286
290
293
297
300
304
307
311
314
318
321
325
328
332
335
339
342
346
349
353
357
360
364
367
371
374
378
381
385
388
392
395
399
402
406
409
413
416
420
423
427
431
434
438
441
445
448
452
455
459
462
466
469
473
476
480
483
487
490
494
497
501
504
508
512
515
519
522
526
529
533
536
540
543
547
550
554
557
561
564
568
571
575
578
582
586
589
593
596
600
603
607
610
614
617
621
624
628
631
635
638
642
645
649
652
656
659
663
667
670
674
677
681
684
688
691
695
698
702
705
709
712
716
719
723
726
730
733
737
741
744
748
751
755
758
762
765
769
772
776
779
783
786
790
793
797
800
804
807
811
814
818
822
825
829
832
836
839
843
846
850
853
857
860
864
867
871
874
878
881
885
888
892
896
899
903
906
910
913
917
920
924
927
931
934
938
941
945
948
952
955
959
962
966
969
973
977
980
984
987
991
994
998
1001
1005
1008
1012
1015
1019
1022
1026
1029
1033
1036
1040
1043
1047
1050
1054
1058
1061
1065
1068
1072
1075
1079
1082
1086
1089
1093
1096
1100
1103
1107
1110
1114
1117
1121
1124
1128
1132
1135
1139
1142
1146
1149
1153
1156
1160
1163
1167
1170
1174
1177
1181
1184
1188
1191
1195
1198
1202
1205
1209
1213
1216
1220
1223
1227
1230
1234
1237
1241
1244
1248
1251
1255
1258
1262
1265
1269
1272
1276
1279
1283
1287
1290
1294
1297
1301
1304
1308
1311
1315
1318
1322
1325
1329
1332
1336
1339
1343
1346
1350
1353
1357
1360
1364
1368
1371
1375
1378
1382
1385
1389
1392
1396
1399
1403
1406
1410
1413
1417
1420
1424
1427
1431
1434
1438
1442
1445
1449
1452
1456
1459
1463
1466
1470
1473
1477
1480
1484
1487
1491
1494
1498
1501
1505
1508
1512
1515
1519
1523
1526
1530
1533
1537
1540
1544
1547
1551
1554
1558
1561
1565
1568
1572
1575
1579
1582
1586
1589
1593
1596
1600
1604
1607
1611
1614
1618
1621
1625
1628
1632
1635
1639
1642
1646
1649
1653
1656
1660
1663
1667
1670
1674
1678
1681
1685
1688
1692
1695
1699
1702
1706
1709
1713
1716
1720
1723
1727
1730
1734
1737
1741
1744
1748
1751
1755
1759
1762
1766
1769
1773
1776
1780
1783
1787
1790
1794
1797
1801
1804
1808
1811
1815
1818
1822
1825
1829
1833
1836
1840
1843
1847
1850
1854
1857
1861
1864
1868
1871
1875
1878
1882
1885
1889
1892
1896
1899
1903
1906
1910
1914
1917
1921
1924
1928
1931
1935
1938
1942
1945
1949
1952
1956
1959
1963
1966
1970
1973
1977
1980
1984
1988
1991
1995
1998
2002
2005
2009
2012
2016
2019
2023
2026
2030
2033
2037
2040
2044
2047
2051
2054
2058
2061
2065
2069
2072
2076
2079
2083
2086
2090
2093
2097
2100
2104
2107
2111
2114
2118
2121
2125
2128
2132
2135
2139
2143
2146
2150
2153
2157
2160
2164
2167
2171
2174
2178
2181
2185
2188
2192
2195
2199
2202
2206
2209
2213
2216
2220
2224
2227
2231
2234
2238
2241
2245
2248
2252
2255
2259
2262
2266
2269
2273
2276
2280
2283
2287
2290
2294
2297
2301
2305
2308
2312
2315
2319
2322
2326
2329
2333
2336
2340
2343
2347
2350
2354
2357
2361
2364
2368
2371
2375
2379
2382
2386
2389
2393
2396
2400
2403
2407
2410
2414
2417
2421
2424
2428
2431
2435
2438
2442
2445
2449
2452
2456
2460
2463
2467
2470
2474
2477
2481
2484
2488
2491
2495
2498
2502
2505
2509
2512
2516
2519
2523
2526
2530
2534
2537
2541
2544
2548
2551
2555
2558
2562
2565
2569
2572
2576
2579
2583
2586
2590
2593
2597
2600
2604
2607
2611
2615
2618
2622
2625
2629
2632
2636
2639
2643
2646
2650
2653
2657
2660
2664
2667
2671
2674
2678
2681
2685
2689
2692
2696
2699
2703
2706
2710
2713
2717
2720
2724
2727
2731
2734
2738
2741
2745
2748
2752
2755
2759
2762
2766
2770
2773
2777
2780
2784
2787
2791
2794
2798
2801
2805
2808
2812
2815
2819
2822
2826
2829
2833
2836
2840
2843
2847
2851
2854
2858
2861
2865
2868
2872
2875
2879
2882
2886
2889
2893
2896
2900
2903
2907
2910
2914
2917
2921
2925
2928
2932
2935
2939
2942
2946
2949
2953
2956
2960
2963
2967
2970
2974
2977
2981
2984
2988
2991
2995
2998
3002
3006
3009
3013
3016
3020
3023
3027
3030
3034
3037
3041
3044
3048
3051
3055
3058
3062
3065
3069
3072
3076
3080
3083
3087
3090
3094
3097
3101
3104
3108
3111
3115
3118
3122
3125
3129
3132
3136
3139
3143
3146
3150
3153
3157
3161
3164
3168
3171
3175
3178
3182
3185
3189
3192
3196
3199
3203
3206
3210
3213
3217
3220
3224
3227
3231
3235
3238
3242
3245
3249
3252
3256
3259
3263
3266
3270
3273
3277
3280
3284
3287
3291
3294
3298
3301
3305
3308
3312
3316
3319
3323
3326
3330
3333
3337
3340
3344
3347
3351
3354
3358
3361
3365
3368
3372
3375
3379
3382
3386
3390
3393
3397
3400
3404
3407
3411
3414
3418
3421
3425
3428
3432
3435
3439
3442
3446
3449
3453
3456
3460
3463
3467
3471
3474
3478
3481
3485
3488
3492
3495
3499
3502
3506
3509
3513
3516
3520
3523
3527
3530
3534
3537
3541
3544
3548
3552
3555
3559
3562
3566
3569
3573
3576
3580
3583
3587
3590
3594
3597
3601
3604
3608
3611
3615
3618
3622
3626
3629
3633
3636
3640
3643
3647
3650
3654
3657
3661
3664
3668
3671
3675
3678
3682
3685
3689
3692
3696
3699
3703
3707
3710
3714
3717
3721
3724
3728
3731
3735
3738
3742
3745
3749
3752
3756
3759
3763
3766
3770
3773
3777
3781
3784
3788
3791
3795
3798
3802
3805
3809
3812
3816
3819
3823
3826
3830
3833
3837
3840
3844
3847
3851
3854
3858
3862
3865
3869
3872
3876
3879
3883
3886
3890
3893
3897
3900
3904
3907
3911
3914
3918
3921
3925
3928
3932
3936
3939
3943
3946
3950
3953
3957
3960
3964
3967
3971
3974
3978
3981
3985
3988
3992
3995
3999
4002
4006
4009
4013
4017
4020
4024
4027
4031
4034
4038
4041
4045
4048
4052
4055
4059
4062
4066
4069
4073
4076
4080
4083
4087
4090
4094
4098
4101
4105
4108
4112
4115
4119
4122
4126
4129
4133
4136
4140
4143
4147
4150
4154
4157
4161
4164
4168
4172
4175
4179
4182
4186
4189
4193
4196
4200
4203
4207
4210
4214
4217
4221
4224
4228
4231
4235
4238
4242
4245
4249
4253
4256
4260
4263
4267
4270
4274
4277
4281
4284
4288
4291
4295
4298
4302
4305
4309
4312
4316
4319
4323
4327
4330
4334
4337
4341
4344
4348
4351
4355
4358
4362
4365
4369
4372
4376
4379
4383
4386
4390
4393
4397
4400
4404
4408
4411
4415
4418
4422
4425
4429
4432
4436
4439
4443
4446
4450
4453
4457
4460
4464
4467
4471
4474
4478
4482
4485
4489
4492
4496
4499
4503
4506
4510
4513
4517
4520
4524
4527
4531
4534
4538
4541
4545
4548
4552
4555
4559
4563
4566
4570
4573
4577
4580
4584
4587
4591
4594
4598
4601
4605
4608
4612
4615
4619
4622
4626
4629
4633
4637
4640
4644
4647
4651
4654
4658
4661
4665
4668
4672
4675
4679
4682
4686
4689
4693
4696
4700
4703
4707
4710
4714
4718
4721
4725
4728
4732
4735
4739
4742
4746
4749
4753
4756
4760
4763
4767
4770
4774
4777
4781
4784
4788
4791
4795
4799
4802
4806
4809
4813
4816
4820
4823
4827
4830
4834
4837
4841
4844
4848
4851
4855
4858
4862
4865
4869
4873
4876
4880
4883
4887
4890
4894
4897
4901
4904
4908
4911
4915
4918
4922
4925
4929
4932
4936
4939
4943
4946
4950
4954
4957
4961
4964
4968
4971
4975
4978
4982
4985
4989
4992
4996
4999
5003
5006
5010
5013
5017
5020
5024
5028
5031
5035
5038
5042
5045
5049
5052
5056
5059
5063
5066
5070
5073
5077
5080
5084
5087
5091
5094
5098
5101
5105
5109
5112
5116
5119
5123
5126
5130
5133
5137
5140
5144
5147
5151
5154
5158
5161
5165
5168
5172
5175
5179
5183
5186
5190
5193
5197
5200
5204
5207
5211
5214
5218
5221
5225
5228
5232
5235
5239
5242
5246
5249
5253
5256
5260
5264
5267
5271
5274
5278
5281
5285
5288
5292
5295
5299
5302
5306
5309
5313
5316
5320
5323
5327
5330
5334
5338
5341
5345
5348
5352
5355
5359
5362
5366
5369
5373
5376
5380
5383
5387
5390
5394
5397
5401
5404
5408
5411
5415
5419
5422
5426
5429
5433
5436
5440
5443
5447
5450
5454
5457
5461
5464
5468
5471
5475
5478
5482
5485
5489
5492
5496
5500
5503
5507
5510
5514
5517
5521
5524
5528
5531
5535
5538
5542
5545
5549
5552
5556
5559
5563
5566
5570
5574
5577
5581
5584
5588
5591
5595
5598
5602
5605
5609
5612
5616
5619
5623
5626
5630
5633
5637
5640
5644
5647
5651
5655
5658
5662
5665
5669
5672
5676
5679
5683
5686
5690
5693
5697
5700
5704
5707
5711
5714
5718
5721
5725
5729
5732
5736
5739
5743
5746
5750
5753
5757
5760
5764
5767
5771
5774
5778
5781
5785
5788
5792
5795
5799
5802
5806
5810
5813
5817
5820
5824
5827
5831
5834
5838
5841
5845
5848
5852
5855
5859
5862
5866
5869
5873
5876
5880
5884
5887
5891
5894
5898
5901
5905
5908
5912
5915
5919
5922
5926
5929
5933
5936
5940
5943
5947
5950
5954
5957
5961
5965
5968
5972
5975
5979
5982
5986
5989
5993
5996
6000
6003
6007
6010
6014
6017
6021
6024
6028
6031
6035
6038
6042
6046
6049
6053
6056
6060
6063
6067
6070
6074
6077
6081
6084
6088
6091
6095
6098
6102
6105
6109
6112
6116
6120
6123
6127
6130
6134
6137
6141
6144
6148
6151
6155
6158
6162
6165
6169
6172
6176
6179
6183
6186
6190
6193
6197
6201
6204
6208
6211
6215
6218
6222
6225
6229
6232
6236
6239
6243
6246
6250
6253
6257
6260
6264
6267
6271
6275
6278
6282
6285
6289
6292
6296
6299
6303
6306
6310
6313
6317
6320
6324
6327
6331
6334
6338
6341
6345
6348
6352
6356
6359
6363
6366
6370
6373
6377
6380
6384
6387
6391
6394
6398
6401
6405
6408
6412
6415
6419
6422
6426
6430
6433
6437
6440
6444
6447
6451
6454
6458
6461
6465
6468
6472
6475
6479
6482
6486
6489
6493
6496
6500
6503
6507
6511
6514
6518
6521
6525
6528
6532
6535
6539
6542
6546
6549
6553
6556
6560
6563
6567
6570
6574
6577
6581
6585
6588
6592
6595
6599
6602
6606
6609
6613
6616
6620
6623
6627
6630
6634
6637
6641
6644
6648
6651
6655
6658
6662
6666
6669
6673
6676
6680
6683
6687
6690
6694
6697
6701
6704
6708
6711
6715
6718
6722
6725
6729
6732
6736
6739
6743
6747
6750
6754
6757
6761
6764
6768
6771
6775
6778
6782
6785
6789
6792
6796
6799
6803
6806
6810
6813
6817
6821
6824
6828
6831
6835
6838
6842
6845
6849
6852
6856
6859
6863
6866
6870
6873
6877
6880
6884
6887
6891
6894
6898
6902
6905
6909
6912
6916
6919
6923
6926
6930
6933
6937
6940
6944
6947
6951
6954
6958
6961
6965
6968
6972
6976
6979
6983
6986
6990
6993
6997
7000
7004
7007
7011
7014
7018
7021
7025
7028
7032
7035
7039
7042
7046
7049
7053
7057
7060
7064
7067
7071
7074
7078
7081
7085
7088
7092
7095
7099
7102
7106
7109
7113
7116
7120
7123
7127
7131
7134
7138
7141
7145
7148
7152
7155
7159
7162
7166
7169
7173
7176
7180
7183
7187
7190
7194
7197
7201
7204
7208
7212
7215
7219
7222
7226
7229
7233
7236
7240
7243
7247
7250
7254
7257
7261
7264
7268
7271
7275
7278
7282
7285
7289
7293
7296
7300
7303
7307
7310
7314
7317
7321
7324
7328
7331
7335
7338
7342
7345
7349
7352
7356
7359
7363
7367
7370
7374
7377
7381
7384
7388
7391
7395
7398
7402
7405
7409
7412
7416
7419
7423
7426
7430
7433
7437
7440
7444
7448
7451
7455
7458
7462
7465
7469
7472
7476
7479
7483
7486
7490
7493
7497
7500
7504
7507
7511
7514
7518
7522
7525
7529
7532
7536
7539
7543
7546
7550
7553
7557
7560
7564
7567
7571
7574
7578
7581
7585
7588
7592
7595
7599
7603
7606
7610
7613
7617
7620
7624
7627
7631
7634
7638
7641
7645
7648
7652
7655
7659
7662
7666
7669
7673
7677
7680
7684
7687
7691
7694
7698
7701
7705
7708
7712
7715
7719
7722
7726
7729
7733
7736
7740
7743
7747
7750
7754
7758
7761
7765
7768
7772
7775
7779
7782
7786
7789
7793
7796
7800
7803
7807
7810
7814
7817
7821
7824
7828
7832
7835
7839
7842
7846
7849
7853
7856
7860
7863
7867
7870
7874
7877
7881
7884
7888
7891
7895
7898
7902
7905
7909
7913
7916
7920
7923
7927
7930
7934
7937
7941
7944
7948
7951
7955
7958
7962
7965
7969
7972
7976
7979
7983
7986
7990
7994
7997
8001
8004
8008
8011
8015
8018
8022
8025
8029
8032
8036
8039
8043
8046
8050
8053
8057
8060
8064
8068
8071
8075
8078
8082
8085
8089
8092
8096
8099
8103
8106
8110
8113
8117
8120
8124
8127
8131
8134
8138
8141
8145
8149
8152
8156
8159
8163
8166
8170
8173
8177
8180
8184
8187
8191
8194
8198
8201
8205
8208
8212
8215
8219
8223
8226
8230
8233
8237
8240
8244
8247
8251
8254
8258
8261
8265
8268
8272
8275
8279
8282
8286
8289
8293
8296
8300
8304
8307
8311
8314
8318
8321
8325
8328
8332
8335
8339
8342
8346
8349
8353
8356
8360
8363
8367
8370
8374
8378
8381
8385
8388
8392
8395
8399
8402
8406
8409
8413
8416
8420
8423
8427
8430
8434
8437
8441
8444
8448
8451
8455
8459
8462
8466
8469
8473
8476
8480
8483
8487
8490
8494
8497
8501
8504
8508
8511
8515
8518
8522
8525
8529
8532
8536
8540
8543
8547
8550
8554
8557
8561
8564
8568
8571
8575
8578
8582
8585
8589
8592
8596
8599
8603
8606
8610
8614
8617
8621
8624
8628
8631
8635
8638
8642
8645
8649
8652
8656
8659
8663
8666
8670
8673
8677
8680
8684
8687
8691
8695
8698
8702
8705
8709
8712
8716
8719
8723
8726
8730
8733
8737
8740
8744
8747
8751
8754
8758
8761
8765
8769
8772
8776
8779
8783
8786
8790
8793
8797
8800
8804
8807
8811
8814
8818
8821
8825
8828
8832
8835
8839
8842
8846
8850
8853
8857
8860
8864
8867
8871
8874
8878
8881
8885
8888
8892
8895
8899
8902
8906
8909
8913
8916
8920
8924
8927
8931
8934
8938
8941
8945
8948
8952
8955
8959
8962
8966
8969
8973
8976
8980
8983
8987
8990
8994
8997
9001
9005
9008
9012
9015
9019
9022
9026
9029
9033
9036
9040
9043
9047
9050
9054
9057
9061
9064
9068
9071
9075
9079
9082
9086
9089
9093
9096
9100
9103
9107
9110
9114
9117
9121
9124
9128
9131
9135
9138
9142
9145
9149
9152
9156
9160
9163
9167
9170
9174
9177
9181
9184
9188
9191
9195
9198
9202
9205
9209
9212
9216
9219
9223
9226
9230
9233
9237
9241
9244
9248
9251
9255
9258
9262
9265
9269
9272
9276
9279
9283
9286
9290
9293
9297
9300
9304
9307
9311
9315
9318
9322
9325
9329
9332
9336
9339
9343
9346
9350
9353
9357
9360
9364
9367
9371
9374
9378
9381
9385
9388
9392
9396
9399
9403
9406
9410
9413
9417
9420
9424
9427
9431
9434
9438
9441
9445
9448
9452
9455
9459
9462
9466
9470
9473
9477
9480
9484
9487
9491
9494
9498
9501
9505
9508
9512
9515
9519
9522
9526
9529
9533
9536
9540
9543
9547
9551
9554
9558
9561
9565
9568
9572
9575
9579
9582
9586
9589
9593
9596
9600
9603
9607
9610
9614
9617
9621
9625
9628
9632
9635
9639
9642
9646
9649
9653
9656
9660
9663
9667
9670
9674
9677
9681
9684
9688
9691
9695
9698
9702
9706
9709
9713
9716
9720
9723
9727
9730
9734
9737
9741
9744
9748
9751
9755
9758
9762
9765
9769
9772
9776
9779
9783
9787
9790
9794
9797
9801
9804
9808
9811
9815
9818
9822
9825
9829
9832
9836
9839
9843
9846
9850
9853
9857
9861
9864
9868
9871
9875
9878
9882
9885
9889
9892
9896
9899
9903
9906
9910
9913
9917
9920
9924
9927
9931
9934
9938
9942
9945
9949
9952
9956
9959
9963
9966
9970
9973
9977
9980
9984
9987
9991
9994
9998
10001
10005
10008
10012
10016
10019
10023
10026
10030
10033
10037
10040
10044
10047
10051
10054
10058
10061
10065
10068
10072
10075
10079
10082
10086
10089
10093
10097
10100
10104
10107
10111
10114
10118
10121
10125
10128
10132
10135
10139
10142
10146
10149
10153
10156
10160
10163
10167
10171
10174
10178
10181
10185
10188
10192
10195
10199
10202
10206
10209
10213
10216
10220
10223
10227
10230
10234
10237
10241
10244
10248
10252
10255
10259
10262
10266
10269
10273
10276
10280
10283
10287
10290
10294
10297
10301
10304
10308
10311
10315
10318
10322
10326
10329
10333
10336
10340
10343
10347
10350
10354
10357
10361
10364
10368
10371
10375
10378
10382
10385
10389
10392
10396
10399
10403
10407
10410
10414
10417
10421
10424
10428
10431
10435
10438
10442
10445
10449
10452
10456
10459
10463
10466
10470
10473
10477
10480
10484
10488
10491
10495
10498
10502
10505
10509
10512
10516
10519
10523
10526
10530
10533
10537
10540
10544
10547
10551
10554
10558
10562
10565
10569
10572
10576
10579
10583
10586
10590
10593
10597
10600
10604
10607
10611
10614
10618
10621
10625
10628
10632
10635
10639
10643
10646
10650
10653
10657
10660
10664
10667
10671
10674
10678
10681
10685
10688
10692
10695
10699
10702
10706
10709
10713
10717
10720
10724
10727
10731
10734
10738
10741
10745
10748
10752
10755
10759
10762
10766
10769
10773
10776
10780
10783
10787
10790
10794
10798
10801
10805
10808
10812
10815
10819
10822
10826
10829
10833
10836
10840
10843
10847
10850
10854
10857
10861
10864
10868
10872
10875
10879
10882
10886
10889
10893
10896
10900
10903
10907
10910
10914
10917
10921
10924
10928
10931
10935
10938
10942
10945
10949
10953
10956
10960
10963
10967
10970
10974
10977
10981
10984
10988
10991
10995
10998
11002
11005
11009
11012
11016
11019
11023
11026
11030
11034
11037
11041
11044
11048
11051
11055
11058
11062
11065
11069
11072
11076
11079
11083
11086
11090
11093
11097
11100
11104
11108
11111
11115
11118
11122
11125
11129
11132
11136
11139
11143
11146
11150
11153
11157
11160
11164
11167
11171
11174
11178
11181
11185
11189
11192
11196
11199
11203
11206
11210
11213
11217
11220
11224
11227
11231
11234
11238
11241
11245
11248
11252
11255
11259
11263
11266
11270
11273
11277
11280
11284
11287
11291
11294
11298
11301
11305
11308
11312
11315
11319
11322
11326
11329
11333
11336
11340
11344
11347
11351
11354
11358
11361
11365
11368
11372
11375
11379
11382
11386
11389
11393
11396
11400
11403
11407
11410
11414
11418
11421
11425
11428
11432
11435
11439
11442
11446
11449
11453
11456
11460
11463
11467
11470
11474
11477
11481
11484
11488
11491
11495
11499
11502
11506
11509
11513
11516
11520
11523
11527
11530
11534
11537
11541
11544
11548
11551
11555
11558
11562
11565
11569
11573
11576
11580
11583
11587
11590
11594
11597
11601
11604
11608
11611
11615
11618
11622
11625
11629
11632
11636
11639
11643
11646
11650
11654
11657
11661
11664
11668
11671
11675
11678
11682
11685
11689
11692
11696
11699
11703
11706
11710
11713
11717
11720
11724
11727
11731
11735
11738
11742
11745
11749
11752
11756
11759
11763
11766
11770
11773
11777
11780
11784
11787
11791
11794
11798
11801
11805
11809
11812
11816
11819
11823
11826
11830
11833
11837
11840
11844
11847
11851
11854
11858
11861
11865
11868
11872
11875
11879
11882
11886
11890
11893
11897
11900
11904
11907
11911
11914
11918
11921
11925
11928
11932
11935
11939
11942
11946
11949
11953
11956
11960
11964
11967
11971
11974
11978
11981
11985
11988
11992
11995
11999
12002
12006
12009
12013
12016
12020
12023
12027
12030
12034
12037
12041
12045
12048
12052
12055
12059
12062
12066
12069
12073
12076
12080
12083
12087
12090
12094
12097
12101
12104
12108
12111
12115
12119
12122
12126
12129
12133
12136
12140
12143
12147
12150
12154
12157
12161
12164
12168
12171
12175
12178
12182
12185
12189
12192
12196
12200
12203
12207
12210
12214
12217
12221
12224
12228
12231
12235
12238
12242
12245
12249
12252
12256
12259
12263
12266
12270
12273
12277
12281
12284
12288
12291
12295
12298
12302
12305
12309
12312
12316
12319
12323
12326
12330
12333
12337
12340
12344
12347
12351
12355
12358
12362
12365
12369
12372
12376
12379
12383
12386
12390
12393
12397
12400
12404
12407
12411
12414
12418
12421
12425
12428
12432
12436
12439
12443
12446
12450
12453
12457
12460
12464
12467
12471
12474
12478
12481
12485
12488
12492
12495
12499
12502
12506
12510
12513
12517
12520
12524
12527
12531
12534
12538
12541
12545
12548
12552
12555
12559
12562
12566
12569
12573
12576
12580
12583
12587
12591
12594
12598
12601
12605
12608
12612
12615
12619
12622
12626
12629
12633
12636
12640
12643
12647
12650
12654
12657
12661
12665
12668
12672
12675
12679
12682
12686
12689
12693
12696
12700
12703
12707
12710
12714
12717
12721
12724
12728
12731
12735
12738
12742
12746
12749
12753
12756
12760
12763
12767
12770
12774
12777
12781
12784
12788
12791
12795
12798
12802
12805
12809
12812
12816
12820
12823
12827
12830
12834
12837
12841
12844
12848
12851
12855
12858
12862
12865
12869
12872
12876
12879
12883
12886
12890
12893
12897
12901
12904
12908
12911
12915
12918
12922
12925
12929
12932
12936
12939
12943
12946
12950
12953
12957
12960
12964
12967
12971
12974
12978
12982
12985
12989
12992
12996
12999
13003
13006
13010
13013
13017
13020
13024
13027
13031
13034
13038
13041
13045
13048
13052
13056
13059
13063
13066
13070
13073
13077
13080
13084
13087
13091
13094
13098
13101
13105
13108
13112
13115
13119
13122
13126
13129
13133
13137
13140
13144
13147
13151
13154
13158
13161
13165
13168
13172
13175
13179
13182
13186
13189
13193
13196
13200
13203
13207
13211
13214
13218
13221
13225
13228
13232
13235
13239
13242
13246
13249
13253
13256
13260
13263
13267
13270
13274
13277
13281
13284
13288
13292
13295
13299
13302
13306
13309
13313
13316
13320
13323
13327
13330
13334
13337
13341
13344
13348
13351
13355
13358
13362
13366
13369
13373
13376
13380
13383
13387
13390
13394
13397
13401
13404
13408
13411
13415
13418
13422
13425
13429
13432
13436
13439
13443
13447
13450
13454
13457
13461
13464
13468
13471
13475
13478
13482
13485
13489
13492
13496
13499
13503
13506
13510
13513
13517
13520
13524
13528
13531
13535
13538
13542
13545
13549
13552
13556
13559
13563
13566
13570
13573
13577
13580
13584
13587
13591
13594
13598
13602
13605
13609
13612
13616
13619
13623
13626
13630
13633
13637
13640
13644
13647
13651
13654
13658
13661
13665
13668
13672
13675
13679
13683
13686
13690
13693
13697
13700
13704
13707
13711
13714
13718
13721
13725
13728
13732
13735
13739
13742
13746
13749
13753
13757
13760
13764
13767
13771
13774
13778
13781
13785
13788
13792
13795
13799
13802
13806
13809
13813
13816
13820
13823
13827
13830
13834
13838
13841
13845
13848
13852
13855
13859
13862
13866
13869
13873
13876
13880
13883
13887
13890
13894
13897
13901
13904
13908
13912
13915
13919
13922
13926
13929
13933
13936
13940
13943
13947
13950
13954
13957
13961
13964
13968
13971
13975
13978
13982
13985
13989
13993
13996
14000
14003
14007
14010
14014
14017
14021
14024
14028
14031
14035
14038
14042
14045
14049
14052
14056
14059
14063
14067
14070
14074
14077
14081
14084
14088
14091
14095
14098
14102
14105
14109
14112
14116
14119
14123
14126
14130
14133
14137
14140
14144
14148
14151
14155
14158
14162
14165
14169
14172
14176
14179
14183
14186
14190
14193
14197
14200
14204
14207
14211
14214
14218
14221
14225
14229
14232
14236
14239
14243
14246
14250
14253
14257
14260
14264
14267
14271
14274
14278
14281
14285
14288
14292
14295
14299
14303
14306
14310
14313
14317
14320
14324
14327
14331
14334
14338
14341
14345
14348
14352
14355
14359
14362
14366
14369
14373
14376
14380
14384
14387
14391
14394
14398
14401
14405
14408
14412
14415
14419
14422
14426
14429
14433
14436
14440
14443
14447
14450
14454
14458
14461
14465
14468
14472
14475
14479
14482
14486
14489
14493
14496
14500
14503
14507
14510
14514
14517
14521
14524
14528
14531
14535
14539
14542
14546
14549
14553
14556
14560
14563
14567
14570
14574
14577
14581
14584
14588
14591
14595
14598
14602
14605
14609
14613
14616
14620
14623
14627
14630
14634
14637
14641
14644
14648
14651
14655
14658
14662
14665
14669
14672
14676
14679
14683
14686
14690
14694
14697
14701
14704
14708
14711
14715
14718
14722
14725
14729
14732
14736
14739
14743
14746
14750
14753
14757
14760
14764
14768
14771
14775
14778
14782
14785
14789
14792
14796
14799
14803
14806
14810
14813
14817
14820
14824
14827
14831
14834
14838
14841
14845
14849
14852
14856
14859
14863
14866
14870
14873
14877
14880
14884
14887
14891
14894
14898
14901
14905
14908
14912
14915
14919
14922
14926
14930
14933
14937
14940
14944
14947
14951
14954
14958
14961
14965
14968
14972
14975
14979
14982
14986
14989
14993
14996
15000
15004
15007
15011
15014
15018
15021
15025
15028
15032
15035
15039
15042
15046
15049
15053
15056
15060
15063
15067
15070
15074
15077
15081
15085
15088
15092
15095
15099
15102
15106
15109
15113
15116
15120
15123
15127
15130
15134
15137
15141
15144
15148
15151
15155
15159
15162
15166
15169
15173
15176
15180
15183
15187
15190
15194
15197
15201
15204
15208
15211
15215
15218
15222
15225
15229
15232
15236
15240
15243
15247
15250
15254
15257
15261
15264
15268
15271
15275
15278
15282
15285
15289
15292
15296
15299
15303
15306
15310
15314
15317
15321
15324
15328
15331
15335
15338
15342
15345
15349
15352
15356
15359
15363
15366
15370
15373
15377
15380
15384
15387
15391
15395
15398
15402
15405
15409
15412
15416
15419
15423
15426
15430
15433
15437
15440
15444
15447
15451
15454
15458
15461
15465
15468
15472
15476
15479
15483
15486
15490
15493
15497
15500
15504
15507
15511
15514
15518
15521
15525
15528
15532
15535
15539
15542
15546
15550
15553
15557
15560
15564
15567
15571
15574
15578
15581
15585
15588
15592
15595
15599
15602
15606
15609
15613
15616
15620
15623
15627
15631
15634
15638
15641
15645
15648
15652
15655
15659
15662
15666
15669
15673
15676
15680
15683
15687
15690
15694
15697
15701
15705
15708
15712
15715
15719
15722
15726
15729
15733
15736
15740
15743
15747
15750
15754
15757
15761
15764
15768
15771
15775
15778
15782
15786
15789
15793
15796
15800
15803
15807
15810
15814
15817
15821
15824
15828
15831
15835
15838
15842
15845
15849
15852
15856
15860
15863
15867
15870
15874
15877
15881
15884
15888
15891
15895
15898
15902
15905
15909
15912
15916
15919
15923
15926
15930
15933
15937
15941
15944
15948
15951
15955
15958
15962
15965
15969
15972
15976
15979
15983
15986
15990
15993
15997
16000
16004
16007
16011
16015
16018
16022
16025
16029
16032
16036
16039
16043
16046
16050
16053
16057
16060
16064
16067
16071
16074
16078
16081
16085
16088
16092
16096
16099
16103
16106
16110
16113
16117
16120
16124
16127
16131
16134
16138
16141
16145
16148
16152
16155
16159
16162
16166
16169
16173
16177
16180
16184
16187
16191
16194
16198
16201
16205
16208
16212
16215
16219
16222
16226
16229
16233
16236
16240
16243
16247
16251
16254
16258
16261
16265
16268
16272
16275
16279
16282
16286
16289
16293
16296
16300
16303
16307
16310
16314
16317
16321
16324
16328
16332
16335
16339
16342
16346
16349
16353
16356
16360
16363
16367
16370
16374
16377
16381
16384
16388
16391
16395
16398
16402
16406
16409
16413
16416
16420
16423
16427
16430
16434
16437
16441
16444
16448
16451
16455
16458
16462
16465
16469
16472
16476
16479
16483
16487
16490
16494
16497
16501
16504
16508
16511
16515
16518
16522
16525
16529
16532
16536
16539
16543
16546
16550
16553
16557
16561
16564
16568
16571
16575
16578
16582
16585
16589
16592
16596
16599
16603
16606
16610
16613
16617
16620
16624
16627
16631
16634
16638
16642
16645
16649
16652
16656
16659
16663
16666
16670
16673
16677
16680
16684
16687
16691
16694
16698
16701
16705
16708
16712
16715
16719
16723
16726
16730
16733
16737
16740
16744
16747
16751
16754
16758
16761
16765
16768
16772
16775
16779
16782
16786
16789
16793
16797
16800
16804
16807
16811
16814
16818
16821
16825
16828
16832
16835
16839
16842
16846
16849
16853
16856
16860
16863
16867
16870
16874
16878
16881
16885
16888
16892
16895
16899
16902
16906
16909
16913
16916
16920
16923
16927
16930
16934
16937
16941
16944
16948
16952
16955
16959
16962
16966
16969
16973
16976
16980
16983
16987
16990
16994
16997
17001
17004
17008
17011
17015
17018
17022
17025
17029
17033
17036
17040
17043
17047
17050
17054
17057
17061
17064
17068
17071
17075
17078
17082
17085
17089
17092
17096
17099
17103
17107
17110
17114
17117
17121
17124
17128
17131
17135
17138
17142
17145
17149
17152
17156
17159
17163
17166
17170
17173
17177
17180
17184
17188
17191
17195
17198
17202
17205
17209
17212
17216
17219
17223
17226
17230
17233
17237
17240
17244
17247
17251
17254
17258
17262
17265
17269
17272
17276
17279
17283
17286
17290
17293
17297
17300
17304
17307
17311
17314
17318
17321
17325
17328
17332
17335
17339
17343
17346
17350
17353
17357
17360
17364
17367
17371
17374
17378
17381
17385
17388
17392
17395
17399
17402
17406
17409
17413
17416
17420
17424
17427
17431
17434
17438
17441
17445
17448
17452
17455
17459
17462
17466
17469
17473
17476
17480
17483
17487
17490
17494
17498
17501
17505
17508
17512
17515
17519
17522
17526
17529
17533
17536
17540
17543
17547
17550
17554
17557
17561
17564
17568
17571
17575
17579
17582
17586
17589
17593
17596
17600
17603
17607
17610
