8.041738553345203
1.9072352681559726
2.0834546965099157
2.6382683242737044
2.0281813271325797
2.2887157412673083
2.661684862573189
2.4480939501834977
2.322509920934081
2.4451453231834437
2.4586886512624613
2.3914650005653275
2.1303624804893677
2.4888087691274943
2.3106650236254733
1.9195186382410332
2.2822003277069935
2.2247891041185333
2.017347260706055
2.0081527285510674
1.6444315948407167
2.160957990637557
1.9749998144375591
2.630328340775738
2.345702540922488
2.5706784450000355
2.395492842619682
2.29812381005752
2.334478698016058
1.949263615630424
2.0985392295056955
1.7903789627187876
1.7213158730731422
2.385353426933865
2.4352985586758495
2.3789607971753046
2.4274848951099517
1.7677775307066657
2.4175816200326783
1.7782162538907502
1.8122713421686338
2.3006240347880373
2.002284360080599
2.0902796393958853
1.746990076557137
1.8090361922549514
2.326770593610967
1.7459061891259104
2.093784162683341
2.564576174413808
2.0232585792626754
2.252062190744445
1.8455046793016103
2.2303622802292264
2.4092348975126634
1.9240707443274845
2.2582543967718927
1.6973113916348668
2.12294296191328
2.3028207350925536
1.949537360496246
2.3056412955045165
2.4457111685114494
2.2066270159506196
1.9026776306152058
2.271559910506967
2.3735564639321387
2.4029050811811974
2.4168562627982006
2.28427497666295
1.7557768159577352
2.1698269280266356
1.762248497403991
2.255302345691198
2.281609505534582
2.243369666674952
2.4706075490181068
2.3716807819326826
2.7770269791492157
2.209691294836342
2.5090337277273176
1.8457171096394842
2.4479448809738726
2.5080537318474487
2.223954538956558
2.370137530994439
2.1834500163285573
1.7000890153805528
2.364968459082518
2.33840099289034
2.29831954807795
2.434203450347076
1.8565461335130609
1.6866186507220846
2.1220723658630796
1.79574294536678
2.039475566163086
2.2170240910980135
2.257776752220245
2.3572524624214193
2.3832887679252046
2.252600839392308
2.3317691750315586
2.4294875900946313
2.382002534345753
2.4084421298883343
1.7634453807507506
1.7973808393342778
1.7138124542499193
2.4994241838239963
1.8015597805524102
2.13054612101987
1.945537483151286
1.849826419238861
2.3948333008454865
2.40804411018038
1.9681734230297692
2.255165091775563
2.6775959704108914
2.5431486071905627
1.81700666909321
2.2883491690962687
2.212605639694071
2.5726606784757937
1.9413939531498519
2.404281337705774
2.3706712482929158
2.8208521484831968
2.258181205863526
2.4890352245207668
7.733863675860422
2.323386332150741
2.054482070904655
2.380015812752788
2.3433643221979983
2.0575363089617054
1.969455587068716
2.2615950561342166
1.8701862116272634
7.794409181390488
1.7958963894149227
2.3873383027856656
1.6354777197120711
2.2231772081841026
2.506385355186366
2.084752007147584
2.363303974194971
2.0333399822863822
2.237557274981513
2.4029802326974394
2.523934244144301
2.3860108375904567
1.7447186859073434
1.7947154892022525
2.284731969428719
2.4708389113100626
2.279749753312507
2.6294640650276584
2.781594659595026
2.162693539710546
1.9934796502562957
2.1768559272993695
2.388504076100041
2.406397551176203
2.3631484359128345
1.7682222158281826
2.4629643355090702
2.4421837620224593
2.038466297978392
2.062370756092983
2.669416657714832
2.246232654981384
2.1652630129151724
1.406254078820348
2.5437673415370314
1.494078968713681
1.9136050736674897
1.5569929598560257
2.361124393363128
2.4383834459681863
2.365409330077009
2.6805788118542746
2.2970806352896704
2.316603471365633
2.2725952880474134
2.426908116679158
2.3457188752038194
2.4064271966806494
2.6535827634385742
1.6208845928194933
2.0807348515838386
2.544393300948295
2.1024968681179668
2.1370552494783293
2.10526292050596
2.624391427606043
2.5248480388660903
2.45421887920336
2.3214635723798547
2.2359431181547293
2.007264273551006
1.7380745770660848
2.091390938972696
1.6072309639595916
2.038584260080153
2.219480377879985
2.267972457436247
2.2121420695386624
2.2578183253321353
1.7909973025280106
2.4895044232833317
1.9115363451079108
2.0833593925622362
1.9284406356620962
2.6123841370295997
2.405174204927531
1.8251536447124985
2.053241018521098
2.2297087584921256
2.208866967380457
2.435937665982379
2.078269859879779
2.413721290847158
2.2993272715718103
1.7916420753124391
1.8760773384227203
2.4055087996417432
2.4320787723660025
2.767130525430871
2.415895998436544
2.3324912173596704
2.405085063986369
2.656842650826832
2.356329743733111
2.4658090052829764
2.584646124422912
2.3916522455507336
2.398638847379072
2.3446870503879933
2.651572362201834
1.9072647320393188
2.1635519396429035
2.6488045778953366
1.78055992585429
2.3685943287922093
2.6601803746676507
2.844722802738348
1.7312271693574914
2.300581793795273
2.4050171428424374
2.330229398971136
2.3498156164446367
2.4124011972387724
2.2733130533419073
2.3424014656113212
1.7339550777767483
2.3796209446298557
2.2216453952253414
2.016579927989425
1.4559438449641071
2.296086142232659
1.9688558424679707
1.6159841530316044
2.575504789771399
2.444247796868643
2.260813971718244
2.242304666866677
2.4593101176782866
2.2561380028280373
1.9681320532869835
2.344063619428228
1.8222370537714316
2.1340997929600154
2.2900561473204184
2.6197873252735597
2.6080634437877723
1.734931047551669
2.364602134560149
2.307802351100428
2.371711608274005
1.8163278349317038
2.383658441830158
1.8264604228477066
2.3881445834192343
2.0645739330337025
2.217539047682231
2.351681746456043
2.397900105520277
2.3308180605752646
1.6062542795611081
1.95373725708789
7.47757807355374
2.342066246173201
2.37932764547445
2.3543811186764048
2.3080907258877206
2.1560943611728196
2.2278443322064136
2.5575814266089605
2.4665077357936105
2.356833520331948
1.6246613697730936
1.5601800939248454
2.417029559386296
2.0654210175333834
2.442941990178135
8.09382282011211
2.4518112504021365
2.2887033054758925
2.5025378107300655
2.3706147202021763
2.5745211676426747
1.7131885227192656
2.4445521291669787
2.2136555205176185
1.6672226965078154
2.469700654987638
2.515008519887019
2.180685480844907
1.745301692729837
2.0183818292839883
1.8794699677767661
2.230903899922557
2.317607743275765
2.4937567849338684
1.6812409206584562
1.7909874172002247
2.342945505603764
2.510449044659794
1.99776155752703
2.035844384592313
7.802371539299684
2.0573944151885093
2.564970956632664
2.523690559668278
2.1148885162039237
1.6551027834357228
2.4224278211616004
1.973843088448764
2.3044470820182306
1.613446642557392
2.3996611292771615
2.495014076453967
2.490760607012847
2.2863377854501437
2.3210420306301534
2.4728511879024837
2.164905406695537
2.417576318790202
2.2479295276994007
2.503944508622774
2.63465099872438
2.3311138815486556
2.4251883318183483
2.215162380774497
2.3854773650550736
1.6984963267401327
1.8881497967271852
2.5588496157032274
2.4326883707687754
2.6712335419624744
2.250996573949489
1.8203368389405883
2.257226668838241
2.2764451170733215
2.2370482375178864
2.0775748941617516
2.0789988294960215
2.6551763008978932
2.488777928130405
2.686827890567406
8.037461733072995
2.6381753522037257
2.0465054645328427
1.5197627375202793
2.2609494871160853
2.400496709751743
2.2966543407034163
1.611557606526185
2.509901954885195
1.779145754155902
1.7596348868515554
2.5632809411417616
2.2617897232225457
2.5785350889133416
2.3306478959383425
2.458343511164278
2.496361538152527
2.318396119109941
1.711452185358392
1.7099953009820221
2.5714852458160173
1.8633628657517525
2.2871108075962705
1.7268738904319119
2.0818755607496806
2.6055633503868423
2.3034817672411423
2.336731649563677
2.4863090028454953
2.3840521126716716
2.119393323378807
1.7021638789622304
2.050209092397171
2.4274822392833757
2.3986501296310085
2.3604445036260664
1.8673094930843666
2.482608044706845
2.395326213645221
2.5304880197156177
2.4929621545872
1.7317420379750517
1.7287630837201404
2.5635192668419857
2.457402906418071
1.7306857780563867
2.5284717175340363
2.4691306816688083
2.4078449179818326
2.0313226383716727
2.2725733230967045
2.6137357492037494
2.3951337941134945
2.271265184916898
2.5611051982080166
2.34261541752644
1.6438443975930568
2.463709384379713
2.181363348866051
2.362675724597168
2.0128734210112063
2.3828154188446398
2.340737581259773
2.4873915093662866
2.672756560082839
2.231312781220319
7.788921585625835
2.4492053305568016
2.2634910182941947
2.227183283424569
1.797959366936781
2.318190526639678
2.5113782926202424
2.5883686560126935
2.504279623608961
2.2617691564108804
2.066663110600068
2.394815442616063
2.4633746924991904
2.395727945423503
2.3015264734731433
2.5129986846434926
2.370398591276374
2.2697883178266367
2.3311964625588706
2.206506339395675
2.3901076890288175
2.587789165198441
2.0763361337558868
1.7952021235955902
2.6815132737423135
2.4163430639439163
2.2601357226456527
2.374928293656558
2.2082538527291304
2.03526973709679
2.104104347806424
2.425077891737984
1.7017433903044028
2.2939258105164275
1.7445556058851857
1.7962190225050692
7.62192591223866
2.1977919374253942
2.462021794692577
2.575971080460831
2.2274077327699837
2.4974343050125842
2.187337760584937
2.0656407872841767
2.2076710753177013
2.4535211342367327
2.3502775396374007
2.2917840947388513
2.4001073517263296
2.151997037799182
2.530162677440325
2.510465968217746
1.9000308428568624
2.1419388370588424
2.645042306538483
1.7624549788517063
2.027490766072431
2.536247404569737
2.2022382096242197
2.8387159000585473
1.6502142294310034
2.5070583833162843
2.309000569197935
2.291775007798858
2.6764977619089563
2.667734548746787
2.405759363479398
2.536412189849596
2.2686088254658183
2.1589949389411647
1.7165404261142185
2.266136673885748
2.0126688034148312
2.1815836247056724
2.3282826847723235
2.133754393602298
2.5658116819721606
2.292214842841303
2.0551041564796693
2.6879403311232424
2.581941645612058
2.0228244714653836
2.1511979232796214
2.0878845744766297
1.8506589266829767
1.7674042717187426
1.9710595335632277
2.1179531946100973
2.546119191677042
2.223985217378364
2.4781438287940474
1.9894624881267262
2.863265089342991
2.556573666277745
1.7808144322481385
2.1964113813740287
2.331638013014628
2.411776492787195
2.3828475094794
2.2046370846791827
1.7415248742787526
1.9894719747324978
2.4295772624534893
2.4481267419204613
2.4639002362070412
2.04313373478631
2.396914580594941
2.5603433339988535
2.2072212366096746
2.3175751939809586
2.300880416547976
2.1284928170964124
2.3704776592322236
1.6076611001277343
2.402059214218735
2.250663856372511
2.0294597297118835
2.8804633009682097
2.1148687403395097
2.2953826167851417
2.451013573355324
2.564776952744194
1.6971313731512057
2.2491063542151397
2.0231073875248864
2.2880943897393866
1.911000520320466
1.7553964570269325
2.2192351655914972
1.6215200398466552
2.1544554073109548
2.3173857061912493
2.282996226871096
2.5516601054578536
2.2683827743002585
2.2972215377956355
2.2274592605547623
2.5595535977332577
2.442514753065355
1.7796169070736245
2.228658046238466
2.519777023309638
2.5048210209469324
2.6142364173036334
2.043293346435978
2.3804478140634284
2.2944843516437285
1.7346640941257894
2.4723698367261226
1.6859452343545855
2.418834465878594
2.6230509998822455
2.418449451155715
2.470081433354019
1.9719492906167244
1.5213658271177162
2.5201502264556495
2.5898766566505316
2.0394903145193193
1.9662183852508093
2.4418471307591636
1.910733030159743
7.42828378304839
2.8086996799210704
2.3906119792510943
1.603677095915191
2.458453352630765
2.2008172873715197
2.3044692968412006
2.4444317358492826
2.3387202724027114
2.090438349254859
2.2404521922281853
2.784772722754213
2.2065551634262737
2.3096219994089346
2.5212694548100596
2.685944146023254
2.0577240655216604
2.284118762896012
2.2558535979906904
2.2158782536659496
1.9943776246912492
2.3287761876839648
2.0540886452063347
2.3283559683047854
2.5452624414734513
2.038565077772364
1.892866902311261
2.0136521282605826
1.78894526706276
2.4512868556543608
1.8962868279849108
2.2827689337005856
2.325582072626531
2.5530261707345123
1.5957333979947914
2.3242183926467277
2.134430903094736
2.4782416976675083
2.5463981457401506
2.44415446357975
1.7585973488271573
2.106026771774685
2.378944591232144
2.3408373701443765
2.426756796239688
2.3831228170582315
2.0269009007642476
2.6940861038223964
2.6814703738410968
2.0935048547967408
1.9340815432763732
2.125653816412457
2.8358219158897793
2.3389924987824156
2.521506510089766
1.8562088414023703
2.271445264551071
2.361963318055976
1.9532507911360322
2.1767948424528267
2.3611115573799797
2.5157779338901585
1.9577320156153293
1.6442175030126238
2.116269720481201
1.8008272837417632
2.070197615713383
2.5486268422849143
2.20974604328838
2.5669597095730694
2.2356080245124095
2.5556752329262404
2.385252060220798
2.033962527469087
2.315976636466023
2.0955088266529716
1.7611162244227163
2.6094132727106114
1.7957913335726672
2.1885470087131993
1.7265239275782633
2.38190616266802
2.4129611838799163
2.1633293259719557
2.2123225995843567
2.127367178570818
2.321750925876892
1.7665307482767307
2.292538254537167
2.1527482365258037
2.4246670842495144
2.5555104270185294
2.2252627171336785
2.5304343415778656
2.274091741292302
2.314958560621347
2.294467008390695
2.067366087633687
2.3475316459130613
1.7142611213593504
2.665922067713256
2.466461604510297
1.6880825824686327
2.2980017369698498
1.7078516142840467
2.3350154820282363
2.668259058083699
2.368893778432622
2.3158725769527875
2.4168824513272216
1.9576745823312265
2.3306236768467836
2.395816334548224
1.880206725302224
2.6417983384219688
1.9591144039295616
2.34604035311657
2.5274943888142163
1.7770164848273895
2.4017249483872467
2.483146565007018
2.3908890743586286
1.5390081474737776
2.0006440760424504
2.3785475129309623
1.6723540226812474
2.4029772746457803
2.4031179698860954
2.3990514716565534
2.227551304976191
2.393186324506461
2.3767683053610025
2.672275032885749
7.585231955101094
1.7674842292924278
1.7276220373223339
2.248038431229668
2.637913790992414
2.4237187618798055
2.2761899269809693
1.695547917141812
2.4509905583474105
2.40342471067858
2.0056916106832574
2.2290501929170223
2.653022342359628
1.6393805539235473
2.6122114953820152
2.5237551208057627
2.393862617661044
2.5429178129957033
2.3878151118524915
2.266522307427378
2.1125731698406693
2.192568886788054
2.0802286131576135
2.032941759748456
1.6326871993078385
2.38764246100195
2.4262079613255314
2.3689598030065064
1.801269947565519
2.2665119747879037
2.5926234355309474
1.7947330755778077
2.2327195861880935
2.059238099115184
2.471492867395506
2.396816944894525
1.6319327664154117
2.293102651496136
2.5859827378048346
2.4208051597067457
2.373768331028867
2.344776180570888
2.374323936483641
2.438680607834468
2.381395402469087
2.2740453391071034
2.365680679343833
2.0529258650226088
2.4917081539449217
2.025282353644546
2.2649169294488267
2.5486941214077747
1.993709549558564
2.3130135179324482
1.804391291880837
2.345395087610124
2.0609672195116917
2.0022725926085303
2.329949198296467
2.527833174494838
2.3071311986477108
2.3331016003346248
2.3958327566897597
7.956227533643443
1.9405637612530533
1.78953068450177
1.7282966434411455
2.370577675145427
2.128389042455026
2.562935958386433
2.4902142946370645
2.250731693262901
2.3135858124938133
2.266433026354521
2.375246516003552
2.3379477214231397
2.6648380366163424
2.5795813595310517
2.4186866304918277
2.214241365996113
2.4071003860170332
1.983545741148723
2.367488654023133
2.2395615331623535
2.5024354121568595
2.455730886054827
2.42017644067762
2.205458070512075
2.4992310632579593
2.453023561018634
1.7033842765171543
2.3158380595352694
2.367109258230968
2.0707918397186753
2.486396090201922
2.0319966568378733
2.5756852073481813
2.057623240473465
1.9688989870035305
1.5612830049688777
2.5296769149088667
2.3695865086203
2.531912759748789
1.8436917811775437
2.5472809906023355
2.4240667997739163
1.7589876807284324
1.6106452286301647
2.474062458082318
1.6435408956545872
2.3019076252509794
1.745022266303723
2.4678684349823468
2.54717989775092
2.553988054934663
2.5571784691681505
2.5470429362540665
2.270604691278497
2.574326390954044
2.327080817294989
1.7125336571565173
2.3522427388649323
2.3364052826164237
2.4696544897907584
2.0975026058248027
1.681509128009202
2.2291032309618295
2.083082472615374
2.490375982059373
2.303389567230857
2.410050623517137
2.295401246216866
2.2677235067642614
2.2449110354578825
1.6758623583766168
1.7571565361128432
2.2258248739217947
1.8300024708303122
2.6871471869938
2.4937361279440986
2.1480136115781288
2.67199004587501
1.7686710065816729
1.772021306440067
2.1160428091798993
2.161202065401118
2.5338346548423716
2.3125544939910245
2.3663835290233735
2.791091059106919
2.4841217928227635
1.9851102164337555
2.2692124321612472
2.340492298450206
2.010016355411006
2.408886953945588
2.0790992171593152
1.9437433631159367
2.2283655555184008
1.9071247668507008
2.487602010556125
1.747587179982763
2.3796234064754676
2.0273136085203776
2.345797144295168
2.539612919497888
2.605310682617504
2.500430318554826
2.2856917756583988
2.378519980331941
1.9475803150902862
2.277833740290152
2.1194906448098747
2.3973804981102114
2.433213711626179
2.3427517126640787
2.3154226240020286
2.4920799988470193
2.8693818951646484
2.144416120521386
2.3610903121329385
2.4584279359114154
2.4797069713092963
1.730203180243209
2.328569580963093
1.538635242550123
2.4754126412262614
2.4106557123620322
2.675610841362916
2.308786660874474
2.2005487018734766
2.286896644628376
2.2507611198812176
7.780952408484049
2.358054917683998
2.475666513766076
2.69145760147108
2.2907033218532256
1.761884692612659
2.7631804468317163
1.7947753819124252
2.3749658037361105
1.9752138936390673
2.008034770237282
1.5772091849436682
2.2070978701148833
2.1721722376278856
2.4328378377924187
2.207692569456653
1.6116432183072904
1.819343732111156
2.3496726362149896
2.440844464975524
2.5390125101273844
1.8346922060188193
1.708019810042271
2.234385323968776
2.0390279193838627
2.2800760812784007
2.546849898472127
2.267842993519585
1.7322934724788153
2.1276683083566077
2.2941311760028023
2.4463432064956736
2.414544127501167
2.808999459693829
2.1373877253044737
2.4886737406074824
1.7093389838557231
2.449347286908566
2.109575336299498
1.7595460086098216
2.609397408618319
2.4498302186148484
1.7683760402514863
2.43182850507488
2.005509825487836
2.674491178665799
2.451402796357423
2.444921044567908
2.305083291290194
1.7522095378906877
2.386455200791129
1.7459635396079904
2.4363162767197997
2.318192475944873
2.4514816920891094
2.5368494803304613
1.6598155547340867
1.7595979022280723
2.389500001696966
2.6663356196624464
2.2901532455390203
2.535597085153405
1.7490428167049974
2.430639672425909
2.527397468743416
2.498619840001022
2.42910365808207
2.2357655002026386
2.3786436267139526
2.313087658271117
2.210801130348663
2.1949464198625224
2.356236765435753
1.7651294320193907
2.0766598336846354
2.273206374240578
2.3729510233305473
1.9168785117638227
2.0926095018933455
2.2156212718866835
2.5697191088713014
2.5906587487018786
2.5626227391212577
2.2679578605048154
2.2595352675458162
2.3048023303337013
2.2123802255941643
2.2348898889616544
2.7277337187487216
2.2080168572382646
1.7841552773197549
2.039470194056272
2.4149469788670097
2.677432978800451
2.588072596994127
1.7136862715036516
2.3875108965067677
2.5891167352873423
1.7230568327742182
2.6590220009324828
2.273217861661944
2.2716780749414496
2.057196934642987
2.2511363391824273
2.094100347521285
2.4482691834728283
1.7319158717843424
1.9347179433581636
2.252889251510758
2.0911497148864258
2.323951027549074
2.3872398439881195
2.6989908200923844
1.958949401233202
2.2441956113716333
2.61740639879547
2.4325039841290623
2.1335064052096144
2.4393821855072866
2.738284989405009
1.6187203002045862
2.056223584799311
2.462018010254066
2.2662871389624177
2.480147734729646
2.027060564182914
2.1592766390605407
2.2194888797990227
2.4166047631038565
1.675456439430127
2.2372693513443167
2.612747566936293
2.258359099299126
2.308590472965818
1.7804609855239313
1.9518505028699742
2.2904049091211975
2.0940492020239336
2.363541134200107
2.6346100640605497
2.0623326493122685
7.445726380776613
2.007409109571017
2.569684064276667
2.009084772795009
2.0692159376268346
2.2709305840928895
2.4958830347693004
1.7505811320555011
2.5289679460423558
2.47779915465249
2.5067294403111284
1.999775897829722
1.7774380564773353
2.528214163272849
1.8452796829864384
2.407969842625184
2.386223934865413
2.2984815874777804
2.20659237699156
2.5908261654151956
2.0019804010597557
2.372518954330998
2.1906963626854123
2.4955996164151504
2.3214476935095014
2.697406390956556
2.3976956268033187
2.6839125824057395
1.7855377235460317
2.2587847945681956
1.6249073042068631
2.0989492849214004
2.1403824080459097
2.4001076372312355
2.2728944650654674
7.398377237468951
2.290363455519354
1.7848274489194993
1.6183231991599314
2.4067339565593744
2.2152753015450384
2.293303594628879
2.445328042537601
1.7375085997782398
2.4874780559985044
2.1173066189089282
1.5004981519714478
1.7889219157460534
2.413819089527424
1.9427500620054512
1.75773514929238
2.1922735659659587
2.4442041527905
2.306661652736174
2.4312758915584998
2.5032229269941446
1.4274898217370113
2.491892555254224
2.1718385540880263
2.3571477623003507
2.2590036825200013
2.262715051928108
2.061769153364003
2.2422920334981673
2.0754890876410244
2.246420818410062
2.5754960095366606
2.374377560449438
2.3356924738677356
2.5768233237976608
2.4692943277178676
2.009511818795895
2.324596768096282
2.408775616338751
1.4745988162855308
1.961213076182713
2.3955928550130623
2.450451839140228
2.319363417036678
2.4383618458658014
2.354399948512425
2.272907618880956
2.5250148582223213
1.7208810659020806
2.4454477356584583
2.331481138011921
1.7799166282408694
2.2597534371522863
2.472577837145365
7.854973963399726
2.058608149450559
2.071830521785439
2.2530677474761776
2.4519519961184573
2.6417924474849546
2.594363314282858
2.205313081533537
2.262233207176585
2.288012019206488
2.3583265613975755
2.1908717314712702
2.0176660193470664
2.5639461651384106
2.5285110388991803
1.6296334057697095
1.9425776363923575
2.4699491748625455
2.468737821081827
2.2845158290835696
1.7839905542185468
2.343067019379016
2.1656149044802246
2.3100167573343238
1.7195206728774344
1.9865104875276582
1.9638594406979304
2.190657103434205
2.007585149165243
1.7948964235446092
1.8457778115255328
2.319567776079645
2.339981610949161
2.263385758856568
1.7382206048314157
2.2876209490821453
2.5522505924060397
2.5976104957281576
1.9114362425529041
2.1179568559524014
2.320065711125655
2.1817171333781022
2.4795399816980863
2.029374850020171
2.472089785279276
2.674891057783606
2.412366203959282
1.9428725661423345
2.124761610842225
2.360594558971214
2.16828411096199
2.1892195078798315
1.9228386906584582
2.4581376056570017
2.4630235771461204
2.7288448896466027
1.8201338613692384
1.834726282982872
2.5588886342429924
2.1524984849108892
2.143500406515192
2.484312047613589
2.4701348030542563
1.7069329513174096
2.5025314475692477
2.348527842671755
1.6017359789460899
1.7273667819818923
2.3369876385925665
1.5218441020817526
2.394185205942654
2.2852119261142585
2.5697319453499214
1.8939371033643302
1.768425120450975
1.5926570696215476
2.2463867087327287
2.47174926846772
1.911000919320549
2.3094164776058927
1.6340742624888662
1.7164533753847977
2.386978351850946
2.013789615355647
2.2307720241196662
1.8821542894897554
1.7265035646705984
2.591884017189746
1.9981784408947885
2.241000580141714
1.744598970128998
2.3439264068351195
1.7364029046629421
2.3614142388950308
1.8125168622399752
2.255944610674174
2.315769244959943
2.699681956516673
2.0988339332398027
2.3779896847078024
1.957541833488414
2.6881189220707222
2.041139716214429
2.5011340734658214
1.7663455495422478
7.896390026559431
2.227209628643383
2.3945699978946258
2.326018208240342
1.838935692780293
2.484429183493819
1.6959396571910474
2.499537085713791
2.2108222747922217
2.3550885513012023
2.452181892555666
2.310525949993507
2.1966193795204165
2.3404507002313193
2.097982640804436
2.6066580894807676
1.7619479198762207
2.293453506489686
2.133169665974988
2.6880905088977984
1.7935914056480267
2.326242575312475
2.501002171321919
2.226689683478497
2.0363795510296208
2.4638847471715457
2.3192224157599677
1.930690851682224
1.7790245210082178
2.307607175817848
2.2824009796143128
2.3422229745617313
2.619421975758642
2.4486119901599204
2.522515310107274
2.522921010414478
2.17575628744777
1.9161281991785823
2.525332794247972
2.8082465119908253
1.6982255915470887
2.465690459544818
2.030633280877597
2.4415386882943437
2.406381949831595
2.275081225207776
2.0024382013809654
1.7656363387267746
2.6995162080559467
2.4170650571103662
2.2317719642004565
2.3071229200234122
2.430410555685247
2.351881349811657
2.310132470982361
1.7627627286201952
1.789268873370347
2.4306288079389406
2.428684758185759
2.202288918990061
1.722845124635385
2.259337459624224
2.309026451135227
1.6121331305592321
2.39994131384187
2.1094069567339666
2.507890548522354
2.817363780389229
2.279740045691302
2.2946769301976087
2.2895240002439934
2.6322846316628987
2.4226802494567083
2.533501392535051
1.8117145023666896
2.624532566561994
2.045828397756514
2.638384430328704
2.3063104566849155
1.7563585252553393
2.2772356416585797
1.7807342923068432
1.7377218477134961
2.251140760893532
2.4817629151672755
1.9701855743877017
2.0403038716480997
2.4834050038902165
2.299029013849453
2.5639026546179644
2.5462765077604095
2.369913295374166
2.3901618601917534
2.2036459883418655
2.258499601189423
2.3365570966547993
2.300587884578662
2.680803020290955
2.1635865252211013
2.4738079041164296
2.3902510460149307
2.0695965334522324
1.712818337422325
1.997887082448086
2.472181785370674
1.729555261174866
2.0867520801669275
2.069488951160859
1.9199307836090718
2.4742570960832704
2.699215546366994
2.4700918121671718
1.8482263177919847
2.5207395833377775
2.4111583416985054
1.472371624534329
2.1705791904167695
2.4986832282419233
1.608599317003973
1.9264227932498146
2.2913657011481328
2.428841745976482
2.568916501676445
2.5877300096215747
2.4072628711179664
2.0055490477010607
2.213646421048346
2.3673087767046908
1.8163961107484423
2.415218429517997
1.7672335723896377
2.3362038995840195
2.073909260196468
2.029433229793078
2.227306071484308
2.4031329674114876
2.3316050035706195
2.402317337469162
2.346260914176741
2.3704418314928097
1.674439652619185
2.2432870452352076
2.479698657911193
2.34830703062111
2.559139053393834
1.7816020410696276
1.9218992151642362
2.6369455454852244
2.588761246575397
1.7556631584432019
2.0696165468418397
1.5809034361594145
2.6523212752257934
2.527344334372866
2.1328625577078624
2.003713173064618
2.830918838555614
2.015306852818825
2.331933335933028
1.723939173896745
2.584019379026675
2.2313839764394072
2.269528258021135
2.3690857876341833
2.0346513857079955
2.230072819827757
2.32610394761504
1.779340919073713
2.374591678202383
1.6394472585932818
2.125963433222337
7.743932258390955
1.9382771650114312
1.6498170233331622
2.206449275436478
1.7223582311502001
2.3265970120379302
1.6943622540507932
2.6276582506268915
2.392450130187436
2.390027714989235
2.328636199710219
2.3612579437155166
2.360540820475783
2.310995169373748
1.8473093819303008
2.141696026912806
2.5027945035125923
1.7365748062018265
2.5174060615707146
2.573884448360818
2.3486017922630786
2.1934787548231807
2.3575089267618266
2.664868411843223
2.046538211580796
2.320424952951366
1.7706209253331417
2.609311908588867
2.357617562857562
2.5170823667590554
2.54033712958276
1.754322831462441
2.52673063088314
2.1833461839875037
1.9631829789875506
1.9875216764684482
2.2862134032805854
2.227845924709915
2.6513090723880914
1.9135292717327292
1.9910231355362789
2.432465831524841
2.3669100599257833
1.5194793938268576
2.1760433070784946
2.535288917160167
2.3830905628870678
1.5428608307554836
2.2338352140825277
2.442097696489669
2.268031917379127
2.2286666284733956
2.29888047940619
2.5598086568749387
2.3798951288435575
2.1606775109656158
1.8693323682850371
2.486887945908237
2.0255260353693023
2.5866821279047953
2.324159121801405
2.4734419652224484
2.2583067359078095
2.4602725051869236
2.206644903584768
2.0892028359015686
2.58786454638881
1.7293963121626987
2.0107989892757567
2.318502147558155
2.376467755098933
2.332629058376608
1.7200891404569654
1.869563122322926
1.7082602620313176
2.664427837879971
2.0862672074375532
2.569440084843621
2.399562846606156
2.2812392974631233
2.3425586630839894
2.321835976855388
2.6901017250925907
2.7298146297741264
2.1946951811879196
2.342392222013939
1.7591026989178042
2.0681538943577413
2.034172558840006
2.268318003870615
1.7528597669487591
2.409201248787769
2.1671000286428765
2.5785497215037285
2.045858893989442
2.068933479912364
1.8932221416813824
2.50850017705427
2.2087620332221922
2.2342178184299843
2.5501210847831812
2.3780089470759496
2.0344513066112997
2.5597328386718203
2.0345280464487865
2.2084659610558814
1.9156493596840078
1.5730209651733598
2.472311174301235
2.3977439675144088
1.796021494185657
1.7402348423962681
1.782479099433325
2.386103839714311
2.528007467726042
2.428810322770217
2.5491065651087865
1.7188234192392466
2.593622539181881
1.8688993255822706
1.711258455774004
2.3657587302061396
2.353937284667621
1.9458074046871985
2.0334356574556574
2.4880658456121574
2.894804142961899
2.2309924785526247
2.014666325106429
2.328598369191372
2.2331340288794643
2.2929920883182815
2.1933731899004094
1.9224990486561393
2.111303707931868
2.0345612339120214
2.377975727525569
2.1023280755024065
1.6094455836166164
2.5175402061960956
2.067692132571784
2.036281702067488
2.445929696805798
2.699900220428603
2.0952994579252286
2.5491389059661493
2.567647221432584
1.7836678715527394
2.247500901703441
2.4282545298964417
2.4433274973575423
1.7527212941600534
2.5939800445322203
7.757940177832331
2.145902126494118
2.3239625517211704
1.7388267897508956
2.496972131248083
2.339170991998051
1.6125684208993336
2.5996986553525394
2.4772037220251812
2.4281298678860566
2.010407916415268
1.7163504580831095
2.2187594678970655
2.3934644627000794
2.118978627915071
1.6958623355836608
1.6243988024652936
2.3508209659621966
2.4243924473006806
2.6257616012987466
2.065249028800127
2.3070479039256417
2.4945165920420904
2.3097240450417567
2.489427304149301
2.2992436143783257
1.6253451749158558
2.0062695355351585
2.3203655725853887
2.0955122790138168
2.353783843117123
2.229460860600849
2.352836089279772
2.520119417588479
2.0117781993700192
2.3553478055076735
1.517326415185967
2.586055264270559
2.3925501071118283
2.4646717920787524
2.53737410807507
2.3110760803632058
2.33319687206759
2.049001188081904
2.4317996100855397
2.035340166419673
2.21412219279403
2.4151268747196095
2.2604538334926607
2.498973097271837
1.6674657797324473
2.239021505651261
2.358164413428875
2.3320503723577204
2.321161266132114
2.082010844253147
2.647407406594868
2.2458883905492795
2.338050422284599
2.2420132208957315
2.1932854430326687
2.6865719109698376
2.4914900363990675
7.758185574572001
2.558777287009696
2.2465689694252586
2.5432191393470114
1.901974296501766
2.01367220554071
2.446311466552474
3.2012922596186297
2.3995021732466433
1.9058857443169335
2.4696392679626165
2.350309211819327
2.5941848025495102
2.4729661676685915
2.308483980983957
1.9458929169708148
2.069455893498917
1.9344076808936035
2.6139462264461653
2.5443490280479435
2.4719795633498975
2.8580803994337716
2.3105376710049503
2.459487515599565
2.4025358479391707
2.28482307110221
7.731002957533513
2.1810361157510094
2.219016640667522
1.7306128481277423
1.512698447860537
2.53610106165321
1.7933524013863187
2.598300634980624
2.510781737255604
2.425155038791555
2.362324747857974
2.5024593043137298
2.405316477069805
2.0409471676129707
2.417117268544015
2.0622836695267606
2.2508935066538123
2.347390832134628
2.422197951697507
1.8516046383633065
2.2766004134721443
2.374145107937151
1.9818844472308859
2.491962147627149
1.9277504347121488
2.522438605544478
1.800361301477712
2.27007055268922
2.2508908811273107
2.3113165676843415
2.2507577917512953
2.86965757223467
2.594392838906723
2.2860144568009115
2.4228345839446552
1.8078770636795805
2.2640988534606925
2.0692111001296256
2.422289408225421
2.4082255556463483
1.885094657468681
2.387006536429537
1.9214733063135871
2.606692289068091
2.448764996340236
1.78235291875271
2.0459114832105114
1.8125193511923918
2.349184991101514
1.5948863338198394
1.909783579158382
2.3643821085131127
2.43778306353759
2.3740117495505086
2.012066863303503
2.210912306818667
1.4358659690866868
2.2089079538650744
2.0645853063037904
2.2961590955666176
2.4292147157048145
2.540370082683288
2.246073119188531
2.381335500763134
1.6142739027505741
2.383870230407752
2.2065724147979275
2.0969074583110903
2.3300531057804132
2.500926549402386
2.3064951977222083
2.3363485219465936
1.8155651562059156
2.077876891516364
2.4851892699551836
2.2599485146548224
1.6634705520642457
2.0659449018645457
2.2715371926750887
2.3415185165937187
1.7170513729428811
1.6340315493405797
2.0779652518524716
2.2174634713918793
2.51348510322572
2.344638495509196
2.192305110174824
2.452308642695303
2.6169448927195385
1.7286873990962848
1.8882156448725325
2.4571721970016984
2.22594723116709
2.4637331040011157
2.5015219627921037
2.3258017664564026
2.0601152237755462
2.239661215303825
7.404515932966023
2.4442467382921653
2.566793019725726
2.2750548756519042
2.464770714165615
2.3796640704520358
2.023069026697284
1.9315861386748463
2.267267559711403
1.836987383119189
2.551391300510781
1.9737853698038426
2.227813289150459
2.414086554466828
2.22279658924549
2.4509133699666097
2.358341256118159
1.7692062215816775
2.4845721029908634
2.2198815780871235
1.7190573136667524
2.3797564674370455
2.548896713075247
2.0822620569782044
2.396020024283261
2.411608309891668
2.0700553519812486
2.2162949447203943
2.327051738004402
2.0089475203018923
1.6703337391081732
2.7169910674500795
2.36951509397861
2.2515410519247756
2.1981340992349114
2.388757557525617
2.231225151442197
2.4075273688569356
2.357477645686415
2.5078792478617746
2.0002292977789273
2.0636357290365805
2.232351943084953
2.3994187530293374
1.4002685334533453
1.8019801825284958
2.6260531100961897
2.524616607121731
2.0832071406963784
2.454347936411923
2.3820720098355848
2.232057273234113
2.221634882196374
1.7640158847685947
2.4128705269234767
2.2526081728757523
2.01278502077509
2.378553626593203
1.9234117941751792
2.2396188827248618
2.371560017744406
1.5819477021093329
2.4293261930670917
2.189769862820818
1.811281445522148
2.612833273888688
2.2144238404895464
2.3224038613489686
1.9678815261854863
2.48547839998483
2.008346574407859
2.5402603278351337
1.596899169815644
2.3149218628086996
2.609561342524007
2.4769378978714305
2.2904842017884923
2.280249577418927
1.91651879298644
2.3723975022880306
1.7402326587064383
2.0576275054813147
2.131225778526542
2.505738518049239
1.6760634178644978
2.2910552601475236
2.456508841179871
2.3107555980189254
2.3147000952614185
2.3515273272069463
2.059156175306998
2.5333254820376876
1.4678323755661649
2.526136202526539
2.325868852392377
2.293874246428866
2.4931611492983756
1.6661971377558076
2.420946944755567
2.090030981786549
2.20273142662412
2.3728967341181546
2.329191804758859
2.4198484165196845
2.312838359207837
2.6247374054195003
2.5976419857397737
2.5172094732462638
2.407586532413915
2.2674658088885042
2.24953634654505
2.5787929155897755
2.592026195194014
2.513707323251707
2.46701566952731
2.0047011588879218
2.2083216131587915
2.244615518274384
2.6048789373664847
2.3289769861549527
2.4249392373056655
2.383205477941359
2.6453401906848555
2.3225429202247527
2.2813420823681247
2.0091859849742972
2.232613546722526
2.6993049063051893
2.4915346567147045
2.170751408402893
2.267824277828593
2.490692432226988
2.2572225789924008
2.1641566882587293
1.9409660407127098
2.496503202532147
2.31819240852672
2.5541176180502303
2.0654688104199104
2.4667594061599485
7.844060600673157
2.3698056189717787
2.268537172606779
7.3366335403174086
2.0963331012270197
1.818303571555477
7.621434998698534
2.6055800740052053
2.452695047716658
2.3861053793662297
2.4590589233637754
2.338727831358532
2.501984306118689
3.2519435483962202
2.186015143753453
2.626184747575058
2.263426546479037
1.841815325875695
1.769540773782084
1.7829776136895246
2.075789837236516
2.181661756421355
2.420473419095169
2.1463010241870175
1.8343052123028498
2.4656675628400424
2.1729323658753525
1.585510624981215
2.5132517939214765
2.562579273684365
2.2598719681484987
2.4212542098675587
2.2245875533157533
2.4557346047167936
2.437758528886436
1.473474531248212
1.8558457371850428
1.9314440870693386
2.367351854738501
2.69370033419644
2.3182034573872987
2.318663678745519
2.373294945802425
2.4243687308340283
1.9278381339202708
2.5518270049862535
2.178228004285219
2.581706794110025
2.384270484807911
2.285095628702996
1.966479293930416
2.5913510549421375
2.635668986915338
1.7663028737509185
1.709710019906418
2.214706128360618
7.652668020129206
1.931543396674813
1.8506488092530233
2.4669160866779882
2.341375364569621
2.045798249259734
2.2442328458190515
1.7164181695832466
2.0703405968880713
2.559596008597779
1.7111110688093005
1.92743399936276
2.1858098220757465
2.5008238056848042
2.4219516286330003
2.099580494971731
2.364906356133252
2.405693091323471
2.5532636523940546
2.2382738320037316
2.4649942078792657
1.7851660636682694
2.762783059808943
2.229837602851998
2.8430278466145196
1.9092754459868257
2.7849703015345666
2.478029324133341
2.3172205987280794
2.008322428337012
1.961505854362622
2.195655426205221
2.3785982869229447
2.542950712931663
2.163441003080119
2.1510139854963533
2.475756340392225
2.3272642876760865
1.7038626937446804
2.2423612357587173
1.4673980506757895
1.854345851764083
1.758945954547086
1.4383686569829783
2.4672054471621467
2.2017684045461343
2.336012011545605
2.4521343876940533
2.53208533151128
2.0144124188782793
1.9717687435842193
7.349885421991341
2.057798863137857
2.525305383872648
2.337737402507133
2.6669459882258164
2.199089006436142
2.5640114693038982
2.000463871190396
2.292236861121764
1.8589786487989701
2.3027752853747576
2.662712084302547
1.720850117115325
1.9343239141090847
2.2656753345845493
1.8541885723288243
2.2220194758078375
2.541831466288641
2.3465735530010283
1.8397601219037405
1.7706528331728633
2.650964790812195
2.396544144106741
2.4070176843945332
2.1448261176405308
1.746724126153113
1.6980809562897776
2.5921681807425463
2.5742907942985354
2.3745191067572415
2.2569284938412526
2.2553269601025443
2.200813974019721
2.550242130934951
2.397750748995423
2.396352485127594
2.604134014771894
2.3523687090071825
1.7966142502979618
2.3523991794402224
2.4658345122281857
1.709339111040901
2.0134430534797363
2.2935344305333745
1.7231844877405618
2.392596528977732
2.2238075117213194
2.2163790773839582
2.4709796469311818
1.8585583283064457
2.1466428509405393
2.604862830802949
2.2272772086835513
2.3427818086420755
2.505372179299593
2.349999889074681
7.553472433363398
2.147164268105884
2.2154528894589856
2.0479491933016107
2.53302682880086
2.162258719796823
2.075124428838563
2.505357417200319
2.383443740057308
2.4897217019810696
2.4880969913581295
1.8134451283571813
2.2990886679961595
2.429223688918952
1.970452949899034
2.3421642153091806
7.537977386017641
2.1550579199652105
2.171180672435598
2.3303161347265715
2.589047371688099
2.2871588419610207
1.8866241975185962
1.903053506370634
1.7433696982356606
2.388674406168656
2.3160234467308856
2.5229702220905406
2.5822224168401013
2.2869901185120467
2.3565585674429985
2.5970837652185548
1.8019767218341047
2.8797157705078518
2.6101922962061987
1.74769180528401
2.211725277125562
2.4548825549168725
2.332520917086795
2.251749492706646
2.378481686820958
2.6012803415269263
2.002623686670827
1.7607146922582657
1.8575807060473242
2.250171552885563
2.180710000019859
2.5608413928569207
2.5783144427712266
2.6171322089177793
2.237871171171786
2.422948966674261
2.4087885079105518
2.295673164663785
1.9067107406265749
2.083258520038082
2.872403799096743
2.340629920290457
2.424641386441909
2.5718474889800014
2.3415336137925538
2.037636211892375
2.6418854800401013
2.3003902764213224
2.060781761747785
2.3829603202208958
2.5210262060708364
2.3343674737672067
2.4063561240988633
2.046772961006858
2.575259515674792
2.3532514863657124
2.4462854879720886
2.3933177188317267
2.4400006380323718
2.226275210748982
2.5809179305939782
2.53731862914707
2.1689237432046373
2.491502951316021
2.056920401827217
2.233129942406892
2.6949933924834535
2.3337815937710946
2.37522444644098
1.7543073057228429
2.8058895176897445
2.2158550553844063
2.030165737378411
2.2777553142313294
1.9312565676366482
1.7092681449576377
1.7560185135352646
2.7761288065049383
2.3398535879376854
1.6641748745867517
2.630968237243066
2.3779142020980726
2.2435387407831096
1.8370484075723932
1.629483225673903
2.5937985532438224
2.3580343138570563
2.1800768798809838
1.7503420100515983
2.493856901093736
2.641360079342819
2.023252485925332
1.7673021384797407
1.8831397927581117
2.21414039671216
2.420380553340277
2.4430446167305875
2.3393763319886838
2.565786491323881
2.047377564317475
2.4155572918207353
2.3460416886187403
2.0970500303844277
2.5501201473855177
2.2394095130093876
1.8069503632589028
2.139862664170902
2.3213922355804097
2.3878066020028803
2.1984035013666885
2.3227148293402315
1.5573868652505258
1.7501784304366188
1.7854964503327784
2.6740393947847565
2.1866236611523413
2.0606416094331785
2.0473750533948007
2.3851783292646496
2.4725205855248302
1.6978992848598864
2.5028242165516867
2.450585607337478
1.7345683865416588
2.234302972229796
1.8912494495797616
2.62329057738787
2.5068553807930303
2.429925852586647
2.223284324043251
2.2469066113301923
2.3081684295059253
2.288195231481703
2.186346890574152
2.5795682263941417
1.849937826122802
2.1277948974462397
2.2170413831095086
1.633211690472672
2.1368427825922316
2.3987088360862097
2.4924538178341438
2.180637424185195
2.5157666681055355
2.633851322727372
2.130410188165578
2.4582779037142486
1.8111231465322468
2.0047358395710875
2.2454907745191264
2.3379678652362577
2.093281458943294
2.5891343576403765
2.524707090239293
2.410856366314151
2.2918087716359614
2.2227436972149746
2.579898384316006
1.7011755132064057
2.393713969568309
2.1183983411724596
2.3269295998666553
1.9534019722674902
2.268214877944337
2.4805491336484304
2.4976689616525856
2.5179682734750424
2.2691981217969177
2.007668526293352
1.971089135328881
2.1375385566106577
2.466365837331515
1.8181760955745212
2.047381754575942
2.2848222337287227
2.1832580881362613
2.063139935068858
1.9393173769152223
2.0218341138643714
2.314895358133447
2.4927747988542013
1.9818189834387832
2.283101119265097
2.5824473637831113
2.5627664833536996
2.033780930409781
2.356702935972165
2.3049349739254676
2.175664105266333
2.578633629014859
2.2707269855561334
2.4635928073635065
2.096977856572574
2.396611920334207
1.6658917251625098
2.0014594584703445
2.559203623250308
2.283494834031124
2.4766463072942546
2.4566526367510853
2.260839387521558
2.665734496310052
2.5928771223887983
2.372412422006547
2.063036302625775
2.2887279187628162
1.7434927568300054
1.7208495682419354
2.0239079589686857
2.237010485514862
2.0454013626144913
2.2908603593399492
2.2444167533086254
2.133406774996018
1.6405906697851607
2.068300521837619
2.24228949664041
2.0873170312028377
2.359868493485121
2.2022715627258527
1.781938184707771
2.568863658647728
2.1611244792457334
1.9021919409457881
2.6239181736126693
2.5417169191863254
1.6239794802095275
2.2118273880196004
2.5147241175189796
1.7782762209644145
2.5000084049682987
2.5297510943673402
2.190043069549244
2.212174135658446
1.9749184765029126
1.5218229525031581
2.372363895963225
2.272426300519787
2.477300634062863
1.7986934157486045
7.7590863906379255
1.9000459402119025
2.0946238123972973
2.0969159219109526
1.930596703824659
2.4353163614052464
1.9094792966444334
2.3544103540576153
2.586398464524251
1.7498842927281946
1.6208994824672118
2.48605855273659
2.339212982000342
2.381928218151299
2.3584637654618814
2.5468921879087745
2.534051264730482
2.0564158904652756
2.3306356258344714
1.7130468047904166
2.2546779934009282
2.5920458031373346
2.2439430257630186
2.103334350130436
2.0282311299188924
2.0144605819762758
2.4674444997890133
1.9450743869878353
1.7517202181490454
1.471360540141662
2.4681710921082503
2.5038019650589356
2.4360782555385576
2.4854926228612753
2.002211586758494
1.7979594896955606
1.7243851500511005
2.0997414803938366
2.3312645194245523
2.46734971610365
1.7939511561536055
2.401564062271525
2.526623931083723
2.093150921773094
7.379227932542555
2.510076226425255
2.232437305224188
2.086547566108549
2.4937635075491116
2.330618859427146
2.2568026046243013
2.460462646091262
2.435807089919264
1.7154678947553879
1.7958517158424923
2.4868150301635628
2.4977429649974403
2.453393654876554
2.396798116276905
2.8187048753599324
2.0452610155979456
2.747035607592099
2.574587305853905
2.462922150818436
2.152167051260106
2.230604694793941
2.2526249640373464
2.432857669814974
2.539394257457452
2.535451515462355
1.7253460154795415
2.01840866178704
1.6651285818836188
2.456380025467447
1.7293391974601018
2.4782915278955984
1.8969118850162396
2.399429241290374
1.7649121622586352
1.5188659645496838
2.4000804667861706
2.02864491396512
2.2810156495096763
2.0298440910374316
2.3903429016240483
2.333404558155801
1.7109919001337854
1.9224105671048166
2.368108515205227
2.395518958489843
2.159312584361231
2.4635280740947967
7.579108422373732
2.4820911025835413
1.7498753393047983
1.6733339046360927
2.488475776080031
2.3266975509156427
1.9828743820938355
1.6704332893132232
2.2188616374217043
2.415970611752378
1.719299178857231
2.2166459584181464
2.362955547026215
2.4393364719129185
2.481583285733342
1.740034760930314
2.40364085650547
2.325615406165034
2.221471397753019
2.0660988830674727
2.46437698917704
1.7170709969371225
2.542438811721348
2.014591271675622
2.37502918925482
1.9755613176581952
2.45650379310611
2.024158016866288
2.4941106906636166
2.332464594228827
2.145340208539909
2.3898383628480984
2.2070670996510655
2.332975440257296
1.53672879323844
2.341504049037113
2.8110976204524434
2.0343638644804463
2.510806994040606
1.79703108275079
2.1139359352940863
1.8445862740421526
2.4603745802890167
2.360213268431115
2.1853682994503867
2.4694392528474425
2.0729532203905716
2.36855477586139
2.3327574523233032
1.72709184953043
2.3600240411083266
1.9718634616583588
2.4893674077438166
2.1397101006809285
2.2883638604791887
2.2161939102199373
1.8504004258089342
2.399272649768817
2.291301120424626
2.511711267413579
2.3851046224057524
2.3220851930674438
2.555636017464916
1.7763435914296282
2.144556117819792
1.830161433810225
2.1565477552061734
1.7633004660770466
1.8086737230706673
2.265887299788381
2.5654747812944625
2.6596130773801394
2.1913987908681687
1.664643327263184
2.529679988246215
2.0616644580150023
2.467914971335604
2.3478745140624957
2.204999300676885
2.1892934330908416
2.647650222709835
2.1336446273479273
2.227307835221291
2.2789588321273757
1.746173414627739
1.939246507934653
2.2905728125449167
2.186593713035638
2.319788914526208
2.669641216859372
2.230942136230409
2.5665067215091906
2.577454478025195
2.1955422270196405
2.3632284171274414
2.39084546212395
2.0280720013623625
2.320750414897909
1.9112843927175094
2.3280354705274338
1.6350642492470797
2.522192323022345
1.8761772150460345
2.6336536152833943
2.531537417685877
2.1020503232340246
2.0543976561237987
2.584605259371371
2.259130404291487
2.5417122438942132
1.9521939772933437
2.181334992862222
2.093959138614054
2.1362022940069436
2.20269986247866
2.2078256445364395
2.235745949868899
2.424264670920757
1.510775545864336
1.5954268680464836
2.6905712152106895
1.9514827202504073
2.5752992319463477
2.3403735027907744
2.237336342026471
1.624104480369715
2.4622032114503174
2.2898148313164715
2.516297760023641
2.4098102376927755
2.421761912989008
2.4393513460875726
1.6456416803353933
1.6840281220385807
1.7099495872059902
1.9741452204027716
2.491757301800513
2.417913591414243
2.4479813623490996
1.9115352657874332
2.2213126488952737
2.47348336611536
2.0055418555982985
2.569439447719438
1.6299377760384233
2.061459032822257
1.5281603317227095
2.534521352433362
2.484851939914687
2.14291760366918
2.3366740775745862
1.7809939790621736
2.2439544409000822
1.7393690294450088
2.6514244637630804
2.3484257385557155
2.4898734544635985
2.3176220028920427
2.452281408524281
2.154197092269632
2.384687175835032
1.6761267378518825
2.2123901434823736
2.446126453063868
1.813882356351958
2.083870192973588
2.5858570089179134
2.205380559572523
2.636398065579359
2.3877167574312423
2.138475171823732
2.3017131806024804
2.6454777106115914
2.0562977616925937
2.4965949273715777
2.4918189265359723
1.9784273953571057
2.0668729530772767
2.2351407362131077
2.404389317396346
2.714936393457982
2.4742938255796116
2.3306243423641346
2.446501026509537
2.526641176180982
2.2108045661018805
2.5559645936345525
1.6321553355432117
2.5076501126140958
2.3680968751497184
2.5989627479994106
2.585489196871758
1.5601717896398999
2.6436662339501913
2.508420744723818
2.4462903497578417
2.059849045516995
2.4500302034444195
1.6520217253128067
1.4288219078133504
1.9424603717831466
2.2561097412720463
2.2307674184851694
2.2292974611317073
2.221270556621459
2.5857260150374914
1.7129514061688877
2.504667492520049
2.489207491713825
2.575563115768346
7.77294033962701
2.2288233668637387
2.179162801361897
1.9060436892573938
2.047590438942783
2.1160399978133766
2.4680359495440136
1.752548086243483
2.0032077541037534
2.503371540463043
2.049552439273192
2.4038204130646705
2.2209209882884946
2.2992968737737303
2.583835583585899
2.098126644732502
2.540347395660846
2.1092753203162418
2.2016077889864327
2.228588263936546
2.3325800908662226
1.9449459493661732
2.253052074311797
2.3590981028647615
2.0678223465014107
1.6640216372790748
2.2760919375772324
2.634439919813715
2.2757217958467
1.716471142652497
2.4668787312791784
2.521408263669323
2.278697151868442
1.687277380982414
2.8186354912320772
2.202232026424977
1.9767730561622348
2.6306295547897767
1.956474374424523
1.6711348410579376
2.6332552520087873
2.253727107536082
2.288493448403587
2.2906387599236377
2.44626721518489
2.134708859102631
1.852224186836527
2.5230486800207905
2.1520398541353645
1.8075234088616876
2.4338785058564256
2.2872422723424273
1.9674604714991384
2.5674086375652174
2.296068522211062
2.5436161415055696
2.0837896020277045
2.213573291340689
2.20571513774745
2.2370896230118538
2.228076380238347
1.7677840575785115
1.9839754278735762
2.3223026110608247
2.0639806931444373
2.63005749243829
2.043042279674242
2.2458704483003245
1.9102110178460583
2.573566454917434
2.644735199465144
1.851356387582536
1.9691453387459312
2.079055826152818
1.6771593023382594
2.633058121826763
2.010425518127158
2.2280451421754077
2.36262661087874
2.457504545375929
1.6990335515001789
2.041117456050303
2.354417265907468
2.57679767423283
2.583078709828407
2.278546822204366
2.323642988863027
1.5934873151202356
2.357311812733521
1.7209206712484528
1.7748413910628873
2.3079758411580604
2.529076730530815
2.2592988900054216
2.2582489508725363
2.456606537173013
2.25117024614245
1.968083557099677
1.813239903590427
2.209188818859808
2.4990963123559777
1.965485740793296
2.347465708657869
2.383718290468006
2.318703860912434
2.457876032687075
2.4238579750184095
1.7750924985730248
2.656828225644851
2.0534312170625735
2.0777886756283874
2.493386288529805
2.322965044640581
2.4895702222267073
1.816223430246688
2.280792529552902
2.003124317125632
1.8183056968622484
1.813122835282523
2.336243030406804
2.0698630208095823
2.3667033000926
2.470034361797366
2.399194071880667
2.655011266586606
2.439564292524402
2.4863896947342896
2.4191105880838886
2.4896139111023055
2.2836035208691152
2.1249340234155008
1.9393655493568918
2.513808546675301
1.6449563445348758
1.7779103062565575
2.2647617140084235
2.643128336168299
1.702672513735512
1.7910235566767247
2.2943779167027105
1.560556956981459
1.9877681772045506
1.740166283978589
2.0779224053043155
2.0291455030047265
2.483240097991608
2.342724884300464
2.6858058037104633
2.695050024109507
2.441208179928251
1.7032871220909647
2.040907848175042
2.3253640524726173
2.0256365553619196
2.3505296599743986
2.562589212056053
2.320686172166859
2.3058440928289805
2.5519980266825995
1.54200215481462
2.2204752837606803
2.301499302197517
2.274236611242688
1.9744223401022074
2.360190503838828
2.2942224227267944
2.2331459191653433
2.419716974162125
2.399528394576124
2.1081822530535814
2.607007063432324
2.460262719309098
1.4892255290100973
2.4867108451644406
2.3274021832502845
2.629663960018543
2.0857084285288763
2.3384508943722886
2.1593815028328787
2.5919540676752084
2.282829388596733
2.323583347623995
2.4347148959488574
2.27825637953954
1.7553993462846522
2.400438767714096
2.4454429951728556
2.379850846488682
2.5212433422881704
2.228405180809285
2.24066600855269
2.482910055897616
2.4487300809830788
1.9942418288009673
2.14055635264482
2.5862424556512824
2.5827997485349172
2.4836284955532792
2.2299321190753116
2.4170352319428874
2.359814165013161
2.3962430605914484
2.2504807043342145
1.5370021890728705
2.6154269654341418
2.332303845525249
2.564007206143517
2.675134945122732
1.6581851719587577
2.430217411300845
2.608433533429799
2.2539089491402886
2.229698937946777
2.4281137095702756
2.5592512684855384
2.4082416691646746
2.853543379927675
2.3856262753746407
2.5537121984519455
2.4651096878310406
2.245100105492347
2.3553026154445313
2.42862196698136
2.378795943274787
2.093756714508009
2.226887545372368
2.5506433028969084
1.8229952232912183
1.9608898765192584
2.569406326406217
2.365406854016726
2.3601831746191633
1.8528889223216818
1.6217032739426942
2.2652754994263073
2.3970031071281466
2.202798038697161
2.4331794907873103
2.353386905338116
2.52010738091762
1.791027482006741
2.2948702992204955
2.269620586760821
1.9768195785617888
2.008214228605637
2.336533500707334
2.383174466132427
2.288148730507958
1.9709382946101521
2.3543336441125917
2.3700805412653416
2.3648509010470944
1.9494519916506343
2.3864730280190325
2.022887003869535
2.4058025035861736
2.4524830915559614
2.2737329665092973
2.3567846027759782
2.2761611449779995
2.8147961474458376
2.3620958626865574
1.5748539365587697
2.117686818726361
2.056415063676496
2.466702421115818
2.408522756947009
2.215845727978633
2.2430841901023455
2.5223870059286777
2.5740777589833206
1.8452747919525092
2.4994837628615962
2.3385279623916393
7.708307897459184
2.442194613101739
1.9322261206662428
2.540275568202862
2.2003583952955426
2.6240344844683254
2.2934309059190094
1.7140602649785999
2.2037507488571726
2.416550463067743
2.4929139253949084
1.8496137053920674
2.117808786271648
1.6368776740680915
2.401674016362599
2.230514008674873
2.0125459101266014
2.259533679700636
2.529390771294895
1.7151448196155974
1.7719074370486014
2.3541183718576186
2.397924998387234
2.446752721640665
1.8433964860983767
2.1047384567982097
2.305254950904355
2.081616650100869
2.5460546915724813
2.2054213141048447
2.3030074423572686
1.7037612415808308
2.3919911464532246
2.2436627963882523
2.4954911426906743
1.5487329836333952
2.2069475571565125
1.8350458224518942
2.542961787536499
2.1871684661812405
2.058050265766752
2.3800844299472566
2.036276068085303
2.01497678404065
1.7945273055998463
2.363262086944444
1.7483776134365565
2.504699420182389
2.299934720579501
2.482885560996316
1.7499751858664365
2.869762292752663
2.4071933353728094
2.334608968570061
1.6094595844158903
2.241284684276362
2.490148322971107
2.4037044770937337
2.1153226926668802
2.513126744903051
1.8763397720570747
1.7461622459395383
2.386381186624586
2.2737381973226958
2.211223178312456
2.309975894216986
2.2113427028162493
2.493120616908233
2.2911186009542934
2.524640309800081
2.4611713953002976
2.2102320336249717
2.6136458953033492
1.4909725109736127
2.36414610016707
2.4583912865457327
1.9547636100520882
2.355933269487752
2.3866009088837994
2.1367574849758637
1.9110117726278708
2.2206036195603263
2.644177944307225
1.9662544134431161
2.5814902588649677
2.5948302535800196
2.24304839154244
2.3446914106367407
2.5113091497602853
7.415518796630202
2.3387282018876188
2.5336631212775647
2.033580380088936
2.5985532117622947
2.2532099822621556
2.332902051265515
1.8512231383902522
1.843298691009673
2.4864976643296606
2.4384207269148876
2.053774582139718
1.7839204905303512
2.401084781715552
7.6795045919716385
2.221577076439601
2.3261022719084146
1.806777855152121
2.548919023267231
2.2637225002597234
7.7083991286477875
2.1774480289440943
1.854084506372993
2.4718767219589464
2.1710331065326254
2.2658443966453232
1.715052831386415
2.5028041728715666
2.3670814198134567
2.465578007995635
2.8620366218934454
2.076313258677076
2.0683460467369654
2.3493341978985014
1.7533680127891766
2.3291830219875678
2.381465331880741
2.2088680368668716
1.9251882779017953
2.1305094685998154
2.3170976855523273
2.057513185391704
2.321602766362701
2.076494454463514
2.3564179965323704
2.5276940870532383
2.557307486177275
2.3673686161368472
2.5324173017069396
2.525003965440308
1.729298009528789
2.388089808741988
2.6861692818991765
1.7146626768361652
2.235764044718048
2.4085126283055582
2.5186938934842584
2.294999307424787
2.429729621279034
2.447559222208711
2.208867611674541
1.5858804206694326
2.408007469805735
2.135166120605374
2.294821853156484
2.67273185613631
2.5014088779280663
2.470908159972938
2.5898364778472343
2.734361795667145
2.5417968533903
2.527758871907225
1.8814597114920617
2.222947906473771
2.5897726941883925
2.5380887566187122
2.0901331258078035
2.5427476661754884
2.1155689635991375
2.000210238201544
1.7165245400657985
2.276501614805482
2.894816539237896
2.0436389648534643
1.8324909882190137
1.5032078226968166
1.729597544197119
2.373095437617416
1.7923898961248528
2.480379206806914
2.607023152486995
1.6294644605484792
2.244614903054653
2.0240352273685858
2.26241841530171
2.0509982388018844
2.5164997889973253
2.2269672026738117
2.4191215137730135
2.289756560851948
1.7445023917247742
1.8273359771817923
1.6472204417805187
2.2701031323488152
2.3913325718181575
2.2906619161196535
2.372783830642854
2.1314100843938917
2.080725399322378
2.3701244587769983
2.675034545580245
2.4564811645551132
2.4693650218873504
2.195294777422466
2.167603661179204
2.135393766483123
2.3323918048253995
2.4826202744120236
2.5391196756484176
2.4367779241142067
2.470629790954449
2.4947868128136563
2.321393872298224
2.2416983581840175
2.0917377112075113
2.43658687905842
1.9436365048329418
2.2877910279421085
1.6077162243251224
2.2847647832894546
2.433772676128212
2.0269397118558676
2.219355698059732
2.2779591701002024
2.4958400590250176
2.592047159471794
2.465155289589509
2.2156532099829356
2.4632110108014524
1.7984153042578799
2.3459507503297146
2.0663941090371316
2.3808602628912587
2.297228920271774
2.66141389485712
2.484166659366664
2.3641594060466233
2.329231059181591
2.3051278694456006
2.445394830495209
2.196467007832094
2.2834774093377757
1.7189507985885226
1.9980050571764318
1.549684956970234
2.3625276828616784
2.5927436121230425
2.5572886833581725
1.9803913863948905
2.5629766156708422
2.238733948736426
2.4903925336147843
2.2062159375313226
1.7008486325444467
2.1785019380294464
2.3610603943121498
2.6262475327710915
2.015669060801156
2.4440743502721687
1.8467038210194844
2.0911806252713387
1.9439350614431674
1.770815276974038
2.5824154099638044
2.2980144911334603
1.7952380585724887
1.805051655537234
1.946432658019834
2.3185663216526518
1.7990678229442476
2.369576110656268
2.450347135657887
2.0443806842900814
2.4833899729244706
2.216661476733488
2.246969315392572
1.5521921071794724
2.2497891339071847
2.1517217296090996
2.674487468378261
2.545578845083593
2.4973341300166227
1.708246966016092
2.5580821117966885
2.5233687598544816
2.103799800210717
2.317667189164606
2.745219792446328
2.3958038555563803
2.4539460653847494
2.2173355047240717
2.2646521644171225
1.7778656205853052
2.618687908129409
2.3342543754832263
2.1985389069654047
2.674909792268517
1.7730780618202486
1.7527690364068815
2.078775485411573
2.4866951337190453
2.5665774478226417
2.3094404772500097
2.319551415264261
2.458969778479175
2.4431692793719226
2.2903113438380425
2.4889518861119098
2.011535117408046
1.747187871050634
1.985243026389239
2.5300961281606544
2.417258104012983
2.4347606955101724
2.4228009661363146
2.4944803385975756
2.22644579254706
2.3465507381835704
2.629839575520218
2.569573798198027
1.9090545863092234
1.9148193496100319
2.031949219515977
1.7327340587555025
2.4701796535089304
1.7823736230832308
2.467011997871124
1.8239581401244953
2.4345029366334106
2.5487576711425173
2.329660355508059
2.3597468126536416
2.3295460549336813
1.7276387726490419
2.3005637009560913
2.482443509018189
2.4968397290577315
2.242841066830202
1.8562236458206407
2.2670775546393265
2.0823060303227976
2.336912467622573
2.3157994998714977
2.327892812767748
1.7492726683553854
2.375151121076773
2.673450262882192
2.3700140805041285
2.3551844292560347
2.645312469377361
2.210338908857709
2.3081495403744205
2.372812807587811
2.4015698159052
2.3226281505788573
2.3294214748508617
2.160151746030897
1.8355801566289023
2.334452150019904
2.575619947202956
2.2859658027187404
2.3004894345806743
2.336223173188526
2.1348719231361017
2.287421357826492
2.5354572510686118
2.5057086621037863
1.9621515516514103
2.06882600898747
2.3917529416020926
2.211952001659559
1.6591670031426475
1.964754533241145
2.258412060722572
2.2314078149992396
1.6606539776490536
2.642215395858041
2.1300272358750756
2.6414254993576596
2.4707319330949864
2.444495454550282
2.4652798763590984
1.9984031370339488
2.4130684703141005
2.44875277341777
2.5906219003397806
2.406972572253318
2.536745854293709
1.7035001079834413
2.3515748201821425
2.3412241590545353
2.3749946723788136
2.1758837571536955
1.6400830552505796
2.4172986181055736
1.580404523327466
7.871669365962345
7.721487802692822
2.53002884584792
1.842286964849784
2.4867462498233754
2.091702571169187
1.5800834045414962
2.367635569685936
2.4638353764328427
2.3591216151487355
2.344951971509907
2.200776341848007
1.811284350646803
2.3713028954678053
2.337284295117848
2.752388496407204
2.298726429028112
2.033661256900702
2.2656649253237138
2.3035726502960188
2.532078577909875
2.3335724928493127
2.585332218702385
1.7504389803396183
2.0604554698336868
1.84539179830597
2.6715174646464863
1.8929590090392874
2.676381764090573
1.7111586039006879
2.3333298566760785
2.164897621617737
2.4395437768674473
2.0981330555021906
1.9994603170475995
2.026569412000334
2.1784450644627213
2.6989760691394107
1.6817800117540174
2.2939503724011807
2.3988753987255405
2.556263561818281
2.4589227772734548
2.229768762494856
2.031483158125327
2.0993651990725013
2.0607146168521675
2.405107969051233
2.523344634411487
2.4246918717539083
2.4550850794782066
2.170828371799805
2.0482664274087607
2.5502250374630395
2.4260542483234016
2.5142869659039655
2.4278620745371415
1.7841150056528914
2.243329796741862
1.7428301155609027
2.358032079987689
2.689205918002008
2.8018702037880816
2.203852280673631
1.967649305611849
2.5050502372174126
1.9062581654387312
2.471964018002108
2.4484975828232622
2.0002188288248504
2.597702350704233
1.5253896657617823
2.2555532729372794
2.5828127428059755
2.0647087574345417
2.4173481707156337
2.2958119272331308
2.0447665772203787
2.0760559571602455
1.6155505254864693
2.5588757301390412
2.478552199868827
2.5450834818817825
2.5746046034777574
1.7428514130287962
1.737595056189915
2.3057591188804625
2.6406018760092933
2.545117943792751
2.546343541050307
2.492038229006055
1.5627412160558085
2.6218612051634778
2.311249715004347
2.694835973467038
2.538972704114038
2.6489899055110384
2.032133582049909
2.51097514591357
2.0149613003121116
2.5265174175729515
2.13711199530993
2.575175320649678
2.448559421450795
2.2220969284380523
2.084595206175716
2.639562202293915
2.0277652021175108
2.5527654642397577
1.7434727545262556
2.34918076771974
1.5998470910013682
2.4164770149589483
2.511428414686368
2.4067442861584216
2.3550328323636784
2.38594958386624
1.9497380141025553
7.537825356548031
2.2488688320126555
2.4134402973918587
2.1741081402383067
2.122524799296463
1.7465855795911023
2.827820277313391
2.535257149416848
2.8081838092456257
1.7647761833027342
2.278738561457177
1.7805473227179454
2.2603478887998456
2.0899368516062027
2.236964584500828
2.5511268335798007
2.2833438642493906
1.961190211457702
2.5260824089153453
2.2029020463312987
2.480823560017679
2.446962382089537
2.404785986871154
2.2528758548200134
2.527501012268759
2.529453013819239
1.834150732265642
1.701406798419658
2.164569062206217
2.3107725725019566
2.659883079455808
2.601928442754228
1.7825850293416992
2.4806798217051833
1.8585830858407113
2.031247587718714
1.8679181160261997
1.6768180477316492
2.189645824454386
2.0335844264043352
2.3314473554251967
2.3390084012085093
2.3509714220256845
2.2570595020718804
2.3450559215024884
2.365813281645365
1.6089559249696324
1.795371895741797
2.379339607052275
2.1976477356119593
2.5346191807676424
2.357035550064187
2.5896090411011747
1.5704719682133967
1.8646013222778073
2.3618398880077165
2.469318139931193
1.6088965116476175
2.3519580705869063
2.5762712006144195
1.7809310215138152
2.3900829579383522
2.20999286976566
2.0379722091046952
1.9958257242786486
2.454217660365565
2.368119722051719
1.7724501069886298
2.4449712752915542
2.3787395632873802
2.22389306533364
2.0593900603170576
2.579856605684528
2.471809297372719
2.124078118098392
2.453890203431741
2.194803176261485
2.26132563005005
2.251510343143563
2.3945451511915046
2.282114448494047
2.2897089990659047
2.3837918512542378
2.67165398603738
2.4244983641000037
2.4579008304444074
2.2803134465436323
1.7702658145782655
2.09490440263986
2.357808846027888
2.3384373921948995
1.8951222124008031
2.3766514118952853
2.29221450936972
2.1105635194954546
1.7376226350120951
2.230429252438726
2.1057873858054252
2.5967923404490536
1.795756145181616
2.3592563633240533
2.609096762846516
2.7404077845522097
2.281339685741915
2.612609214012069
2.5071969033856143
1.8311442925666388
2.368663947511772
1.9536938014332779
2.4554380752202185
1.6047036452859176
2.2027501193447674
2.0071744768145994
2.3172575754190308
2.286296903858081
2.2236626522119987
1.6103492273250595
1.7036336382558006
2.698601129541945
1.7292058386369034
2.4467945376987217
2.2492072455926775
2.3378837319839865
2.307180045942594
2.3023835259326497
2.386746163866915
2.3391308894332923
2.2749837196269715
2.4953935299829415
2.409691299503675
7.724907058796712
2.3469895981405817
2.677150134238029
2.3073121514075354
1.6931779033038765
2.0970530728863266
2.4928693747992545
2.3251083564013246
2.33904731515603
1.7594359338220755
1.858039933930223
2.316368896806056
2.3159454318790784
2.6391161793598323
2.2942084636641753
2.59837603871277
2.1585706856271085
1.4883539319038392
1.8086670737427015
2.068554551553769
2.2263417651552126
2.5870274239057593
2.008776841703086
1.7490019262276508
2.201033584814553
2.3439288665146867
1.7864764100631303
2.4845979437086587
2.521077924987927
2.2642859453147435
2.453919957932812
2.0101050899990907
2.000233979211547
2.0941127592017157
2.2623230249202306
2.3010833663078625
2.678137373149094
2.2032582606436737
7.803483597313361
2.525081004301908
1.4751856492211424
2.0910569440842104
1.5491237069329908
2.4924141197177296
2.5081903080075136
2.2339793515519815
2.087171183288312
2.5803833989283214
2.0629370581734783
2.299006750605522
1.8551661077170418
7.304901122301809
2.2380720505337104
2.6552398437502407
2.0097479281051513
2.1761804014867683
2.429089440095488
2.086792996110251
2.1209467961791564
2.388000325629123
2.795312592221631
2.5097455798146817
2.4411551665570648
2.3672866176573812
2.339167371724454
1.7861447034466469
2.4688685222307933
1.9948213385418059
2.1429026674140585
2.561538852019771
2.0770452498350864
2.5021540014653914
1.7000844452718504
2.459634105333158
2.6893504213127826
2.249377524599843
2.255767912820939
2.2683708073930187
1.7752735692484494
2.1974097411994906
2.3968821238985614
2.3871058593436927
1.8009000653974139
2.214503557546013
2.592461351436461
2.3304273846972086
2.352452076562517
2.4738107924481056
2.5288813703078854
2.1416172366250645
2.277367140458675
2.8590858704845106
2.2245328434153437
2.5051610466379386
1.7368706368600555
2.546086651133562
1.7009297220957247
2.0907978432790304
2.3280845651575897
2.3335317919146004
2.3129412556902422
2.592831168637464
2.54365711373688
2.30829460406868
2.352899794696264
2.5909404528617617
2.023975201089007
1.703427890704924
1.794971279251609
1.5743339537853194
2.572777722186224
2.1045557840303943
2.014241406180036
2.5151741136936283
2.3445162525890186
1.920599029453185
2.2343335796523536
2.359865552808168
2.326133936644561
2.5753421129983085
2.3824516428096856
2.360825519890707
2.4330004173781243
2.4074205191979363
2.4297198385559584
1.7701448130787594
2.01463507178347
2.17095370343463
1.6669062886212487
2.620945307446851
2.3496169281076913
2.6003191722538137
2.222830373643462
2.5061534268849415
2.4088168733750472
2.4630495762323834
2.5711317707652506
2.583542233195744
2.5564048885514863
2.6103066588027612
2.531125507969786
1.7286076557602776
2.137127111030912
2.656976494422615
2.46987737353343
2.5689433076769594
2.599621534830163
2.675040196168302
2.1101391571489247
1.6811232569860295
2.2690430094821195
2.686891440847757
1.9704035728811646
2.5996635726920747
2.341828561985155
2.172557285411114
2.4260028202142627
2.1809770523824477
2.5532556804734083
2.8813861371825134
2.2460051497769196
2.421614428095005
2.2308071451347082
2.3542600053487366
2.4717416062100876
7.479390976391732
2.4209096264250736
2.316641118447537
1.7740161215593475
1.8700308689417748
1.9875609820171332
2.3100445001750955
2.071587020368315
1.748028294181221
2.0464230351561965
2.095983170830788
2.4154975526795557
2.3418021430040605
2.649718749662391
2.447728017125805
1.7122922868373691
2.5577628022112586
2.3508512843659477
2.357324512661963
2.445103814082595
1.7985166047438144
2.2160356659066243
1.45783000489076
2.3793815896087858
2.0987441077147824
1.9618901475046118
2.22376037721582
1.641698491747957
2.359348246008734
2.682706595170829
1.552467432942602
2.6859728281960042
2.182360398710113
2.35164811698163
2.465681582708304
1.9302825331795388
2.281844210737479
2.7024382362970045
2.0863695486860636
2.370270089027424
2.350677023196267
2.233801738258212
2.5961548543214676
1.7136442874108306
2.5132791404993187
2.133641262462532
1.9692967724090873
2.327679399114832
2.183249131158333
2.0944882261083246
2.0786659563533387
2.3479056952290778
2.208410064086592
2.5427589417423917
2.337356994765782
2.4698644070363085
2.076533509753286
2.537366407506379
2.6159779773554717
2.426382599786685
2.4468529502673824
2.5935341379888026
2.4562251758087688
2.3627859018339787
2.200652365434334
2.3576919784193344
2.549347393371557
1.7448141621383892
2.2695567536176346
1.9232346411686965
2.582213405020505
2.3132193421695346
2.536180814034362
2.631734890991239
2.4578455273554223
2.897545274744431
2.0810746797020188
1.6858765566546936
2.378158122600661
2.4906196839995576
1.8142677183764486
2.088577397210667
2.233160153068944
2.1765551532618703
1.9492512981443166
2.07023016704927
2.222283693245792
1.8039196562738373
1.7340920438194711
2.499195177815072
1.8629227528348566
2.3781089128993607
2.162565460377796
1.7134128481589175
2.60254711211104
2.3005837276673966
2.4370865181647803
2.332526031660742
2.3308473514613803
2.2499603559835517
1.7123406951095952
2.5316327749310354
2.1721414618194106
2.3055654939446484
2.0521301209747507
2.62230259037078
2.5090110268820878
1.7658719966313647
2.0163406587510297
2.6137667091205867
2.296414259797253
2.559085996430895
2.59201222567212
2.1088049546222796
2.228648532017929
2.1982780340381645
2.4883024473134823
2.4499117263220813
2.819824819366137
2.3726928097733597
2.5246011204957237
2.241799421919459
2.3027655238218454
2.1544042961502616
2.1533685043623505
1.8519101188876308
2.3031803529978414
2.3472822129611197
1.8447809322092397
2.2463208774907875
1.695533359888941
1.9761176954954864
2.127885553570972
2.0076171651339303
2.2880955361684254
2.36695447806461
2.1931772995316847
2.464541861162082
2.249837699963139
2.0743755693207135
1.834014899842441
1.4301964528858664
2.4076443436871604
2.5999106105763903
2.2869951056470295
1.90047579714312
2.498943449559065
7.925442747895915
2.441015727696074
1.652268351620296
2.3749941625459527
2.4385619341711835
2.3551540889210774
1.731774654333595
1.972563903273728
2.2397860414596327
2.5564965087528293
1.8011697652104957
2.4468161273904303
1.765559721608343
2.012725201318972
2.5715471895554893
2.3823060776759903
2.5040544061646286
1.7126485812111518
2.7204508015472024
1.7211094990393587
2.712150292491747
2.254239604687062
2.5853439285174797
2.2223609595431375
2.3424560253085938
2.3985394954940635
2.541630165244223
2.1820343068546872
2.2841475824868187
2.0383639031931615
2.332345482868325
1.745546952082535
1.7894905069696436
1.7986237554528408
2.3177777206851653
7.741156528091857
1.9816592152194623
2.5100075620464106
1.7497067938611082
2.447665623419949
2.5908329060444464
2.5436682247062805
2.3862106157188334
1.7038758298193808
1.9006218730937692
2.4746066725491227
2.27488927745491
2.07805285383589
2.280406510816255
2.7534764738960398
2.329737505837123
2.6170716616729597
2.4900232227659
2.2219001822925493
2.031306690237342
2.484455662102134
2.4909862626769077
2.3868704626346298
2.3297727062357305
2.55814621550623
2.171540906974538
1.8868097099977044
1.7525197496219131
2.02016031255659
2.4984965171821574
2.2401250113075206
2.4990641362685433
1.941887557667752
2.578889738688404
2.4300250194821365
2.576186586652509
2.246560405662984
2.5891252133346763
2.1820648526603525
2.397565419606135
2.2556134576507665
2.2967481279796966
1.8131611931639222
2.7807371746334764
2.418628784516329
1.9916711278331396
2.5238452317713485
2.3562482097349373
2.366897379762503
2.4860093383157666
2.405140269278093
2.552335910479489
2.7213673847623996
2.051020393660292
2.0946372945595964
2.2467614255777195
2.5094149164041046
1.9206788259343461
2.1768373304978015
2.207438678875429
7.890801932414371
2.0892517384123774
1.6350049007625787
2.2097840253161185
1.9031607394106687
2.671121563224329
1.6274497743404936
2.3319900871264108
2.489155924164721
2.3691580646325714
1.426058658833305
2.4485869602129626
1.7339858034730293
2.478933221939672
2.37199566125985
2.4245772815994675
2.561610324125782
2.231368467761973
2.4510186583396645
1.8420666245457071
2.443899060670544
1.808664428557341
2.497358931717393
2.556511563469886
2.5017174108428994
1.7084648017656436
2.28431559771026
2.3398951164369963
2.324482167930794
1.6855682066758164
2.3898907602908688
2.149777499544011
2.398783241765401
2.2896097991410476
2.165646979923953
2.2616533023433405
2.0309101866826844
2.0101379812426434
1.7691503598448937
2.250294663654555
1.5701424960047006
2.3294702709729296
2.318231200228071
1.7055975284908764
2.627441795964283
2.4297778391142244
2.2754683100575703
2.6792050690060916
1.7768705205071007
1.9873643376040633
2.1686422432434154
2.078320531375133
2.1930020202797924
2.4785309818067085
2.31739780883276
2.2312019994226073
2.517880564697298
2.5202893343124435
2.4697595451855
2.352549878913026
1.8023456033032674
2.4147375381464986
2.528663434495448
2.267625200112752
2.3069796457531453
2.0694496236419164
1.7345339441462684
7.771097766767655
2.1692284384319054
1.886775358279164
1.9219779424261876
2.4524591066200547
2.435984741640208
2.4172481731743787
2.0855313866363407
2.4303080116295157
1.960009192929675
2.5197183628012296
2.1099185991778295
2.116181452326815
2.4968058995656426
2.3239933351477244
1.7383030373519393
2.1633023392409085
2.065964936466816
2.345745165846743
2.2996072317277076
2.24964811976213
2.32833841223865
2.30387146853429
2.2162280308202322
1.7552420075961883
2.284453030890965
2.2902481707308544
1.8856631137287387
2.37764634936952
1.8382818404012002
2.0711542219478782
1.7350089070125578
1.9935193007632805
2.540829295042133
2.2705429333373224
2.4474105773130073
2.2719805571190808
2.5942532427865364
2.097175560103586
2.3293685915371043
2.5856516809764543
2.2726620275014584
2.5363247050010123
2.468530140869745
2.2637238556707127
2.274490350026877
2.52395852780505
2.4020671411599217
2.351687849558813
1.7912883078219015
1.738764244742859
2.0034602259518577
2.3286970444580484
2.374135794755571
2.3858108459712613
2.294533061465129
2.3866767475371895
2.1847857755524194
2.5803342223408734
2.4477420622320687
1.9414976603423175
2.128704576067288
1.6510120222053957
1.7410561898158174
1.551762595532402
2.0014299961021886
2.0570002359356017
2.0539850405417384
1.919913063459815
2.474320641588476
2.080552363845233
1.4470541684577864
2.2648647544785927
2.58314935469374
2.428746303106035
1.7323297772075188
1.822981148184492
2.3419561753433547
2.102572957265445
1.5788678832592502
1.775355140391863
1.7051512702274023
2.327024688162678
2.407467326544248
1.99960897488233
2.2092998820844048
2.6064239842911263
2.589227850085147
1.7045102861448287
2.340347523922965
2.5958350430751738
2.3796461239562747
2.3378837720558203
2.674241858272992
2.36659385538516
1.7498709887454518
1.5173446690243098
2.6076952413891
1.6688005173986313
2.2305803444612464
2.302740332852934
2.47643416358365
2.6169599429149217
2.177778258462521
2.4817786550054235
1.8499429824833686
1.8315419727506546
2.281338328563976
2.0657075248461645
1.7405136488315265
2.473017059154697
2.3435510593812108
2.6677070210979443
2.2190402495239034
2.238186058138899
1.7526020289890554
2.5086416856102978
2.3232804197213164
1.6470863167662175
1.8186074688744087
1.8687820310059648
2.2367437241513524
2.0479368917250005
2.2127316696244645
1.9414412442558948
1.7799527792260053
1.871442036273388
2.500157826325973
1.7804492169112136
1.9201586348792683
2.429457984655514
2.2005747033402736
2.352917779774703
2.4736340645958
2.5697107675632362
2.343245415258001
2.5729229148341575
2.2137378796456604
2.2076759082461717
2.377622443812986
2.397168105612173
7.786420614432011
2.3890223768434113
2.350036713194832
2.4159487862430806
2.4716324056311327
2.3987058833606314
2.275592498344566
2.31810255664468
2.353086985530543
2.343005509519969
2.380350340274883
2.8687270041058457
2.2167729800891713
2.5800113413724217
2.772367035742435
2.2757817813767756
2.263571102073023
1.7752176924619114
2.590902236043683
2.240150222465943
1.7893897751283447
1.6116040121298285
2.5355658316177876
2.3551887534942826
2.4557252469385893
2.2867601760415313
1.5333535139959666
2.5160910017426437
2.4718354445745105
2.0259594305221422
2.273062137018787
2.3215214325883187
2.3767531437223264
2.001899338637192
2.472083233493764
2.388031864599277
2.420569963288961
2.1363161485811526
2.340590083607732
2.2114720965368213
2.2272923426070346
2.40559446389029
1.7704200698376709
2.227081107795922
2.5323441642739994
2.4031435689500147
2.350644577330113
2.362073829675996
2.3771718250741207
2.4803875282496306
2.4102356660294464
2.1081225529990415
2.0609901933303965
2.4048368726787093
2.5892239801299115
2.314415182491054
2.5046957647993495
1.757721362537129
2.5492417024229823
2.504013774399212
2.062981657291619
2.0917032749750293
2.5507780540236817
2.3572568608467113
2.325454969913459
2.4256034009013185
2.0240749523724215
2.39564055633472
2.403747246832819
2.40380313339288
2.2214546814458362
2.6296518677601006
1.793245806042733
2.472744947425775
2.4923550987554655
1.7819583938718682
2.609581547753528
2.2998897746820517
1.7203893895459814
1.7457088664864726
2.4794978722482477
1.9423734433017672
2.42945536999843
2.2250061166942667
2.2537367346807633
1.9744839214719834
2.3321082883418454
2.229436328111712
2.454470528906083
2.048461495518971
2.49524537028784
2.2668829800749046
2.3227096801095635
2.448463305514362
1.9810119082936302
2.5649854144179507
2.5378328262160905
2.181380078585988
2.2842528872226087
2.4659814357343652
2.4490901138689427
1.8813530555711342
2.399021622607696
2.6872712871718285
2.3299920436158086
2.4077842237399865
2.744885837121142
1.7771382240599463
2.4371495358802537
1.6459084653644824
2.218276312711452
1.6235938783851454
1.9720692714568802
2.583304490604502
2.4939730123110544
2.41922764635726
2.588907782160319
1.7493341386339136
1.749598353594709
2.31263066418469
2.352068794885478
2.318132734797012
2.55143372519809
2.0469225739164707
1.9877217255138722
1.8386137391082369
1.6346493375836872
2.4546000167380675
1.9251814681320238
7.617901771143081
2.4818077042620557
2.0387306289675715
2.4176208991982473
2.220816868533372
2.1415870143354616
2.312321160710657
2.2336948153178353
2.5414820951172095
2.653891361948818
1.7872294581568478
2.2831833728580575
2.4168372092102923
1.8279244635827268
1.8713527626143052
2.4546496837078275
2.478172377707275
2.428814083863576
2.078099146936662
1.7110343368996062
2.2394281324819416
2.363197729142249
2.3367973508553335
2.389582695747659
2.203263342390777
2.072436232952616
2.5075293488725117
2.0093079403598004
2.6269738153225246
7.432803184259682
2.533006089940848
2.21827564512576
2.05875338699597
2.0387233805502407
2.6986214769646675
2.254311221885845
1.9300100110721992
1.8948200727024904
1.9866396413292164
2.5137832769181445
1.702996590126599
2.3965165151187136
2.28957953306103
1.5995566003024577
2.3644139026704525
2.5423028537588803
1.961332354984748
1.7405448074295617
2.070054431503209
1.9294223056676298
2.5885585919610765
1.4233525062600774
2.501522207561775
2.313570524818389
2.580110069889168
2.4639723982818587
2.0623748082166107
2.228456121806158
2.6456148559547437
2.215173120454911
2.0406983534339815
1.9016882311194563
2.419942686769429
1.893709532572673
2.5492706369201423
2.488185817770683
2.2157373530875653
1.7444314182641802
2.3787765486425116
2.6257838598405474
1.7371427836315185
1.789202898198718
2.277394098809006
7.4391147534362965
2.5521178126214488
2.395392835370659
2.474836820419934
2.0788600893386713
2.2005300685865894
1.6937523226370104
2.5941061623711215
2.3072295513090477
2.536667806793924
2.523271559500079
2.4655399505071367
1.9431915273137679
2.364319879120965
2.0893798631472658
2.225726730954073
2.37357616275837
1.7659195992990995
2.300436055513349
2.436224114789709
7.404980478156356
2.252296862375299
2.367732554083671
1.9879252059600103
2.0848624607243647
2.564399957688533
2.3223466209001535
2.478012792137382
1.7285642602365843
2.5421385503626666
1.958109709598984
2.278931641503485
8.083565794676542
2.0711524047297782
2.2614151543194274
2.347025161487118
2.2687759151289226
1.9471557502133343
1.9682979863101189
2.30243601394318
1.9360275106218001
2.3255227026846454
2.2982335416446316
2.234279140255867
1.4863326619068784
2.538968146209292
2.526054307400637
2.5322475240614852
2.267675700817907
2.5175809472678643
2.43859342268078
2.534156785552439
2.7828972636618547
1.9483674372009074
2.237620910386974
2.2563265247868562
7.8567309779425445
2.313670569567068
2.3396161696316735
2.3566636286167064
2.4897592758463403
2.0296186367981135
2.3937105428849916
2.069753986208413
2.367695784791536
2.086510407584361
1.7209129663644716
2.414452529955913
1.7860468446329405
2.324548177206985
2.2615848797894675
2.2337740178707
2.5764431620476698
2.309582391785477
1.7056275905225051
1.9327478824684827
2.017016645701817
2.45055245501255
2.279146781273255
1.9006950239507625
7.736428279270019
1.9208156370020544
1.8860258664219425
2.5157961453066062
2.0380674175953923
2.3409823331175392
2.353445280523798
2.09227893335494
2.1769463474523616
2.226488634971304
8.051551834121346
2.1205293593843555
2.4291960679755378
2.3231540197544955
2.2692221519904674
7.900599892934162
2.461071925075563
1.9780355363654405
2.025727953149292
1.7643692072585562
2.283430168654667
7.609600494615735
2.2048743672190456
2.3129292775963233
2.0251796303155762
2.6854446239581313
2.635875252480007
2.623239137405398
2.3393172972422747
2.5474465846216026
2.304079861971598
2.326142892564081
1.4002244461327793
2.3608729989219883
2.490233406430116
2.318870394851667
1.8751508945742479
2.3547921014978486
2.460992008939878
2.438776249296449
2.127359157123349
2.028411351185507
2.3174993779356643
1.7162879912747762
1.879412933324392
2.221925823301624
2.6599045750355783
1.9044573760412349
2.4784495010725913
2.046619761389537
2.372616060433391
2.190767851378769
2.5115449414245394
1.7799442950008293
2.3322000433652446
1.8544490752741696
2.2020271253250883
1.833751062805263
2.425275608617533
1.7900610767932756
1.832499158797929
1.8487892446179803
2.3129173432294396
2.5819119665982875
2.3437847265032765
2.369995889516029
1.9438058510745089
2.5411296367856413
2.262179795823513
2.084642337681726
2.402705371919069
2.1937946167266507
2.251760016979838
2.2450731331670504
2.7924930580788185
2.304175717182957
2.2144755962108253
2.3851244704183387
2.3352419901005543
2.379901539930863
2.2980365905329725
2.165592935232615
2.0932107331481977
1.6338270091451705
1.7891546354074492
2.2214265633340275
2.6930849082241153
1.7596564304271944
2.5954539781655015
2.070505089722932
2.2494333248687997
2.340555684239671
2.677502470422122
2.6810656277895575
2.0991424191438663
2.3185775993017423
2.3365108096252016
2.5577376589857734
2.8734508607039846
2.2322910120761996
2.566363001945108
2.3153088656158105
2.282812269425037
7.571193347622951
2.259985798416198
2.040174268845182
1.953187242544328
1.6973450193239843
1.608941610652255
2.5101225299994474
1.604805000271881
2.3874459758036073
2.038518447794307
2.1596815820868045
2.2000149354680416
2.3504962594238754
2.423650077444029
1.7632424542910599
7.376982945948832
2.532110473035499
1.6687205776688643
1.5593174073244296
2.4113001210687757
2.526764050555917
2.3829888215835795
2.510999456794578
2.674296195176665
7.653339914046231
1.9350471189317222
2.2414347707439184
2.697630964426531
2.632180603540907
1.7398503796040512
1.8794059910596563
1.7819550492853096
2.4556569175699634
7.892550052454073
1.4790405408789715
2.2176480885526733
2.469857882223912
2.2210190466032667
2.5979798882505913
2.1767141811041673
1.9917242852505297
2.4380743593033465
2.1418796551075174
2.522604074520681
2.292729675578415
2.5520034662685416
2.0382472269828074
2.3514461141895775
2.242983413576533
2.284455350895814
2.2133158509576814
2.379810086664619
1.7767020907399529
2.5800273447580304
2.372528523647409
1.796521095860373
2.4071452798495248
2.329185552198978
2.3115528054957846
2.4727692304855893
1.9282303797904976
2.479579090349399
1.7076715888288083
2.5503115047417912
2.051829648911595
2.413896082629179
2.54282967209635
2.2770636607576678
1.942011120922577
1.7395883090856874
2.1733991307121787
2.601593153837203
2.3911714950941274
1.9046479642391205
2.4823371336759035
2.1764256087555127
1.7902209441355441
1.7863866096550831
2.3527668914498436
2.394737074292774
2.119163948898627
2.4836944940346144
1.9170632786010036
2.447016012687628
1.7631508603064199
2.27769248503679
2.474737381584965
2.635954330470225
2.2399601263156455
1.8060396544921857
2.472776176930369
2.0420619086917635
2.613388128209897
7.673664291389289
2.167727004364133
2.5372958340942255
1.961881285157198
2.332558911954312
2.030305532865728
2.3477481612071553
2.2181065525449473
2.053656348061318
2.2807256781385035
2.6579487701520477
1.8766978700860188
2.509239907365157
2.3830400886215735
2.040357531098506
2.545264653119481
1.927066358160944
2.315880514289608
2.312760930948113
2.21685062852953
2.2169529855114605
1.8497865374128406
2.0418897906622777
2.359024378677504
2.6994475828577773
1.8310683586419776
2.33836653517444
2.327277919680802
2.2831586517872067
2.3337063920703365
2.435120350456945
2.358950261488442
2.219186131293894
2.4531038274893446
2.3361583167898288
1.6320297362515703
2.263753604516387
2.6198473276212964
1.9468769213793657
2.573208887045562
2.56650163621193
2.4699207822671974
2.542685195681477
2.2373994457407282
1.6554705771035516
2.592598086026938
2.456965546500128
2.6164903859447954
2.14250794837082
2.4065653113351844
2.5068891062684027
2.5730677310769496
2.660434971595503
2.4050972968462982
2.470561647558356
2.2814423546707685
2.2305655507558804
2.292442799902974
2.2563859395922052
1.5915802846272145
2.3279770214254634
2.256302983235192
2.411780415876984
1.97474539228715
2.6132178842155924
2.366329224784043
2.5085661353566024
2.544452400170719
1.6018962006492075
2.2463069251747037
2.369279794606198
1.934994723654997
2.224867297421902
2.5902134214395938
2.4939285008343046
2.2809798186627823
2.3431436866800275
2.116426392585378
1.4660820143918198
2.543726185568974
2.3995278060887513
2.387676983563825
2.1945788256316026
2.1075708132660527
2.327818398153621
1.8364587898294513
2.3170905431540514
2.2445712944168017
2.008157884238216
1.766619519694719
1.8519142907112838
2.3030884479758207
2.5672120205319002
2.3896795573577134
2.397259685050543
2.3462377720157206
1.6139957596664318
1.7320603272929957
1.7012266159748262
2.2919600212382614
2.4483079009350988
1.8267747487156438
2.4985469914525305
2.4545405105752005
2.421059708782771
2.6334323403773587
2.5686136203678513
2.3644030606671786
2.3790415397547573
2.300771673639142
1.9172101055809225
2.374315726902029
2.4817497502363572
2.338043396988135
2.574410560885482
2.285129834438136
2.1363660778934985
2.28999828614568
1.7672126555919985
2.1353997286493804
2.310440334218756
2.5885091925077592
2.619854266967888
2.650567942319645
2.438388828287746
2.084351126713535
2.3164028557900767
2.160027592265132
2.51779639348991
2.5356984895491887
1.8858837543771818
2.4038099527012213
2.1860550755042247
2.3924164163726434
2.3476763818576245
2.404885687392664
1.7670443353044352
2.0723325414171154
2.444209312226948
1.955656762646798
2.3581303974507937
1.7357161395230825
1.7256761483638812
2.109878872360357
1.9665538337117492
1.7248391193955135
2.475744695104547
2.2558725123831986
2.216750242820847
2.5398710022148814
2.7444345082052877
2.499185559769964
2.034688330337835
2.1886999955993485
2.0390255832131237
2.362340638235442
1.5769354637832411
2.4066703839233154
2.393050884685873
2.2179092724593956
2.349230988964093
2.143221154851331
2.442626882199053
2.003937222217568
1.6233951087284368
2.53339050124109
2.0240361837061265
1.9806958603278664
1.983175289269107
2.4117302932035374
2.57413371915699
2.03302219462975
2.4529653762229486
2.5074468874376312
2.655171477471036
2.6328506932490403
1.5890216532734132
2.5014908853375357
2.4744162100179867
2.1427028331736273
2.415323018956113
1.9164108018462476
1.846571037832361
2.2332671481329918
2.6261341209589233
2.020897706125218
2.3602374590933324
2.202041139484409
2.4420376576472065
2.099458182758938
1.9790070924764644
2.6774771027304607
2.3257913483210757
1.7507615136882564
2.4814783844481543
1.8241730674958
1.7260358245059682
1.736748410723685
1.880619245595657
2.376716364141477
2.8880238457272447
2.4866982711182612
2.040609597380703
2.4086090316397475
2.4436685359648043
2.3757666463781266
2.490623814987394
2.433821662933798
2.0809627106825177
1.7327721606019175
2.258474483679331
1.72130763938211
1.982615051737342
2.2737276886307867
1.806259952370937
1.6343280668836089
1.7013908444997972
1.8835613617673517
1.7936077629603195
2.2566767460880204
1.9093514625735295
2.365149831513577
2.3291780249215663
2.4793626478182396
2.52825350717977
1.8880717529843634
2.5361105961868398
1.9705720574845775
2.4997942395094372
2.0087815567224214
2.1225769924253903
2.469332678598148
2.6451902198332427
2.269282040498946
2.562793452675767
2.5531172222876357
2.4067189506738935
2.0876633165565393
1.7121372286293113
2.2047686221915375
2.5322602172084303
2.2524219635327203
2.5002764632721783
1.8772037611128045
2.396453093318749
2.362427163749127
2.459466685571739
2.2275120655228515
1.6824960165191443
2.5512851225747633
1.4203889266898235
2.65536900982637
2.2458258705709233
2.144586644524878
2.2604015399761703
2.345063384069303
1.6938082380162087
2.3308478805178914
1.692990479391301
2.326057952324639
1.6457159061566928
2.009838789767729
2.6073349630779994
1.917397379047739
2.491707711491186
1.7439400774290723
1.7966514597824788
2.2496711500228272
2.263303967240617
2.275042179958263
1.8932041472827013
1.6823708234878723
2.3935053193192815
2.306147195369044
2.37782790347761
2.336358243021538
2.5490500739274116
2.0073850420375283
1.6904012466373388
1.9162298103579536
2.287093953627649
2.696894178148171
2.6835222360687423
2.360266458511007
2.308688639211901
2.3062879769275564
2.0068404263691404
2.1928692227060145
1.713781176434223
2.369388760076164
2.45841489023006
2.881016325453917
2.2593096984362386
2.4276539474546732
2.0298818536174412
2.5753212450547256
2.4710875056370782
2.543705032025332
2.1880677162838933
2.4778397239532115
2.4556304801311404
2.5499060606878055
2.045915282044846
2.22031040374839
1.8515762463928416
1.4661264693985383
2.038997027433764
1.8868904649208371
2.35932944121761
1.7262742208756425
2.585788864063227
2.698503751074425
2.492277794595327
2.099976300276243
2.4289752742549684
2.1643070874143056
2.539931265528687
2.5411551436567716
2.237832625165855
1.6850673221109902
7.834229740997153
2.1106086752546784
2.288276126932934
2.2067800816558645
2.203470643008248
2.117686276349493
2.0043386466048942
1.873886704731446
1.5445906687167383
2.2484794019388223
2.3473180393467556
1.7328742956114789
2.135382682974027
1.934868579526217
2.3827038618371126
1.9563856095326349
2.7376731479747427
2.498901908437501
2.3984891723102133
2.2593664151095196
1.5026416961584361
1.7677353282448618
1.6247156822704711
2.5015513300488474
2.5597105512342715
2.0808029922119413
2.0852211880623006
2.1449383808977225
2.4298788329256373
2.2233143914217526
2.4479043372266287
2.169290907274593
1.9931742177129939
2.109922705006532
2.0915428592644347
2.5080826167952313
2.183060417036441
2.173096105989746
